  1902     1.274      0.169      0.000      0.133      0.069      0.019      0.258    538.951    700.904    511.800    511.792     27.150    161.953     26.731      0.419  TILE  9  PFT  9 FRAC     0.12
  1903     3.506      0.732      0.000      0.603      0.223      0.113      1.069   1269.712   1617.231   1212.755   1211.824     56.958    347.518     55.643      1.314  TILE  9  PFT  9 FRAC     0.37
  1904     3.871      2.084      0.000      1.957      0.947      1.069      4.100   2673.696   3531.307   2416.737   2335.720    256.959    857.611    251.590      5.368  TILE  9  PFT  9 FRAC     0.40
  1905     4.428      3.192      0.000      3.046      1.613      3.315      8.120   2402.845   3407.320   1809.657   1531.855    593.187   1004.475    570.772     22.415  TILE  9  PFT  9 FRAC     0.29
  1906     4.423      4.033      0.000      3.892      2.201      6.450     12.684   2471.942   3647.341   1577.665   1194.701    894.278   1175.398    844.315     49.963  TILE  9  PFT  9 FRAC     0.21
  1907     4.044      4.488      0.000      4.368      2.396     10.030     16.914   1733.495   2881.944    597.302     65.890   1136.192   1148.450   1046.550     89.642  TILE  9  PFT  9 FRAC     0.15
  1908     4.226      4.839      0.000      4.703      2.451     13.538     20.828   1696.579   2890.491    396.015   -182.924   1300.564   1193.912   1168.632    131.932  TILE  9  PFT  9 FRAC     0.11
  1909     4.071      4.803      0.000      4.670      2.398     15.463     22.664   1724.084   2940.948    392.385   -158.345   1331.699   1216.865   1167.091    164.608  TILE  9  PFT  9 FRAC     0.09
  1910     4.198      4.760      0.000      4.610      2.222     16.469     23.450   1731.146   2956.339    358.791   -279.586   1372.355   1225.192   1185.902    186.453  TILE  9  PFT  9 FRAC     0.07
  1911     4.014      3.771      0.000      3.628      1.731     12.589     18.091   2127.972   3386.160    942.086    413.333   1185.886   1258.188   1015.669    170.217  TILE  9  PFT  9 FRAC     0.09
  1912     3.826      2.793      0.000      2.667      1.295      7.875     11.963   2428.343   3589.290   1592.215   1170.048    836.128   1160.946    730.461    105.667  TILE  9  PFT  9 FRAC     0.13
  1913     3.943      2.620      0.000      2.487      1.150      6.220      9.990   2324.604   3361.231   1599.338   1257.170    725.266   1036.628    642.272     82.994  TILE  9  PFT  9 FRAC     0.18
  1914     4.063      2.921      0.000      2.781      1.286      6.211     10.419   2435.169   3489.549   1736.958   1449.512    698.211   1054.379    627.209     71.002  TILE  9  PFT  9 FRAC     0.20
  1915     4.285      3.373      0.000      3.219      1.432      6.903     11.708   2657.135   3810.104   1857.574   1550.462    799.561   1152.969    723.369     76.191  TILE  9  PFT  9 FRAC     0.22
  1916     4.354      3.949      0.000      3.792      1.757      8.491     14.197   2598.459   3808.460   1696.790   1346.198    901.670   1210.000    817.661     84.008  TILE  9  PFT  9 FRAC     0.21
  1917     4.479      4.449      0.000      4.289      2.125     11.118     17.692   2306.221   3528.763   1229.106    859.757   1077.115   1222.542    970.662    106.453  TILE  9  PFT  9 FRAC     0.17
  1918     3.585      4.452      0.000      4.353      2.374     12.543     19.368   1854.095   3074.038    770.292    241.835   1083.803   1219.943    963.267    120.536  TILE  9  PFT  9 FRAC     0.15
  1919     4.291      4.747      0.000      4.599      2.346     15.543     22.636   1800.627   2988.608    446.789    -18.915   1353.838   1187.981   1187.219    166.619  TILE  9  PFT  9 FRAC     0.12
  1920     3.105      4.483      0.000      4.387      2.365     15.845     22.693   1672.921   2905.402    467.883   -129.699   1205.038   1232.482   1046.906    158.131  TILE  9  PFT  9 FRAC     0.10
  1921     4.148      4.734      0.000      4.595      2.238     17.107     24.079   1763.115   2992.282    414.691   -224.293   1348.424   1229.167   1153.281    195.143  TILE  9  PFT  9 FRAC     0.08
  1922     4.199      4.459      0.000      4.317      2.081     16.031     22.571   2041.880   3315.471    793.185    264.552   1248.695   1273.591   1062.589    186.107  TILE  9  PFT  9 FRAC     0.08
  1923     4.030      4.566      0.000      4.426      2.146     16.782     23.494   1695.669   2896.978    481.483    -90.182   1214.186   1201.309   1036.543    177.642  TILE  9  PFT  9 FRAC     0.06
  1924     4.121      3.942      0.000      3.790      1.782     13.599     19.323   2147.734   3400.728   1010.289    496.905   1137.445   1252.994    971.576    165.869  TILE  9  PFT  9 FRAC     0.07
  1925     3.983      3.384      0.000      3.254      1.555     10.549     15.488   2160.351   3320.344   1188.587    735.718    971.764   1159.993    836.408    135.356  TILE  9  PFT  9 FRAC     0.08
  1926     3.897      3.036      0.000      2.905      1.393      8.427     12.857   2179.509   3275.943   1341.567    950.021    837.942   1096.434    735.220    102.722  TILE  9  PFT  9 FRAC     0.10
  1927     4.000      3.036      0.000      2.895      1.327      7.335     11.699   2354.001   3442.072   1557.476   1209.206    796.525   1088.071    704.190     92.335  TILE  9  PFT  9 FRAC     0.11
  1928     4.233      3.454      0.000      3.298      1.474      7.397     12.325   2761.508   3946.816   1950.680   1640.546    810.828   1185.308    727.920     82.908  TILE  9  PFT  9 FRAC     0.13
  1929     4.263      3.857      0.000      3.710      1.749      8.161     13.768   2730.936   3966.878   1861.709   1526.867    869.227   1235.942    786.722     82.505  TILE  9  PFT  9 FRAC     0.13
  1930     4.379      4.280      0.000      4.128      1.943      9.851     16.074   2240.807   3456.656   1216.399    769.651   1024.408   1215.849    921.456    102.952  TILE  9  PFT  9 FRAC     0.11
  1931     4.456      4.635      0.000      4.473      2.121     11.702     18.457   2392.141   3699.613   1250.587    794.098   1141.554   1307.472   1025.867    115.687  TILE  9  PFT  9 FRAC     0.09
  1932     4.429      4.766      0.000      4.617      2.232     12.955     19.953   2432.887   3777.947   1227.506    779.540   1205.381   1345.060   1072.490    132.891  TILE  9  PFT  9 FRAC     0.08
  1933     4.277      4.905      0.000      4.754      2.330     15.565     22.800   1788.725   3012.909    459.158     -0.231   1329.567   1224.184   1169.564    160.003  TILE  9  PFT  9 FRAC     0.07
  1934     4.178      4.869      0.000      4.727      2.307     16.516     23.692   1845.474   3119.457    527.594    -45.058   1317.879   1273.983   1141.385    176.494  TILE  9  PFT  9 FRAC     0.05
  1935     4.172      4.827      0.000      4.684      2.240     17.066     24.132   1857.282   3123.430    508.243    -55.122   1349.039   1266.148   1157.783    191.255  TILE  9  PFT  9 FRAC     0.05
  1936     4.377      4.424      0.000      4.265      2.001     15.459     21.884   2272.397   3575.370    997.228    589.779   1275.169   1302.973   1090.874    184.295  TILE  9  PFT  9 FRAC     0.05
  1937     4.325      3.966      0.000      3.808      1.759     12.822     18.547   2456.098   3720.134   1339.892    953.479   1116.206   1264.037    961.391    154.815  TILE  9  PFT  9 FRAC     0.06
  1938     4.295      3.790      0.000      3.637      1.678     11.054     16.522   2556.251   3792.396   1553.441   1188.242   1002.810   1236.145    873.838    128.971  TILE  9  PFT  9 FRAC     0.06
  1939     3.960      3.514      0.000      3.382      1.610      9.518     14.642   2300.011   3485.905   1365.252    935.548    934.759   1185.893    823.255    111.505  TILE  9  PFT  9 FRAC     0.07
  1940     3.942      3.316      0.000      3.181      1.474      8.593     13.383   2080.966   3190.015   1154.771    746.442    926.195   1109.049    818.863    107.332  TILE  9  PFT  9 FRAC     0.08
  1941     4.034      3.383      0.000      3.249      1.541      8.239     13.163   2379.840   3518.715   1528.681   1200.325    851.159   1138.875    759.407     91.752  TILE  9  PFT  9 FRAC     0.08
  1942     3.996      3.396      0.000      3.266      1.521      7.651     12.568   2216.796   3357.772   1380.944    890.928    835.852   1140.976    746.876     88.976  TILE  9  PFT  9 FRAC     0.09
  1943     4.175      3.636      0.000      3.486      1.565      8.331     13.531   2162.382   3281.694   1255.645    860.246    906.737   1119.313    814.246     92.491  TILE  9  PFT  9 FRAC     0.08
  1944     3.668      3.626      0.000      3.512      1.744      8.450     13.820   2152.589   3296.437   1305.720    883.989    846.869   1143.849    761.666     85.203  TILE  9  PFT  9 FRAC     0.08
  1945     4.055      3.921      0.000      3.782      1.825     10.316     16.062   1619.543   2659.203    623.321    195.126    996.222   1039.660    889.616    106.606  TILE  9  PFT  9 FRAC     0.07
  1946     4.231      4.107      0.000      3.969      1.917     10.991     17.016   2143.272   3331.330   1136.522    708.204   1006.751   1188.057    891.836    114.914  TILE  9  PFT  9 FRAC     0.06
  1947     3.952      4.090      0.000      3.975      1.966     11.867     17.924   1672.026   2790.081    601.897    114.960   1070.129   1118.056    940.703    129.426  TILE  9  PFT  9 FRAC     0.06
  1948     4.189      4.306      0.000      4.170      1.983     13.189     19.478   1711.091   2841.971    575.285     75.045   1135.807   1130.880    991.852    143.955  TILE  9  PFT  9 FRAC     0.05
  1949     4.075      4.135      0.000      4.001      1.934     13.034     19.103   1816.395   2982.471    703.917    240.990   1112.478   1166.076    962.459    150.019  TILE  9  PFT  9 FRAC     0.04
  1950     4.233      4.202      0.000      4.050      1.864     13.266     19.331   1796.337   2943.943    658.592    127.641   1137.744   1147.607    983.677    154.067  TILE  9  PFT  9 FRAC     0.04
  1951     3.901      3.097      0.000      2.954      1.349      8.478     12.924   2349.377   3544.832   1402.324    956.917    947.053   1195.455    822.106    124.948  TILE  9  PFT  9 FRAC     0.05
  1952     3.933      2.824      0.000      2.694      1.260      6.163     10.246   2591.674   3718.706   1897.140   1544.148    694.534   1127.032    620.553     73.981  TILE  9  PFT  9 FRAC     0.08
  1953     4.013      2.968      0.000      2.832      1.283      5.817     10.069   2358.409   3422.598   1635.237   1296.805    723.172   1064.189    653.742     69.430  TILE  9  PFT  9 FRAC     0.09
  1954     4.086      3.165      0.000      3.023      1.382      5.997     10.544   2378.704   3461.745   1642.451   1338.146    736.253   1083.041    669.542     66.711  TILE  9  PFT  9 FRAC     0.10
  1955     4.305      3.614      0.000      3.458      1.528      6.844     11.987   2611.336   3790.125   1772.430   1448.582    838.905   1178.790    764.554     74.351  TILE  9  PFT  9 FRAC     0.10
  1956     4.512      4.210      0.000      4.051      1.863      8.573     14.646   2562.854   3798.874   1624.415   1258.045    938.438   1236.020    855.154     83.284  TILE  9  PFT  9 FRAC     0.08
  1957     4.469      4.529      0.000      4.369      2.100     10.768     17.396   2252.236   3491.207   1144.897    762.121   1107.339   1238.971   1001.297    106.042  TILE  9  PFT  9 FRAC     0.07
  1958     3.522      4.336      0.000      4.238      2.273     11.634     18.242   1809.387   3020.847    749.268    227.608   1060.119   1211.460    944.791    115.329  TILE  9  PFT  9 FRAC     0.06
  1959     4.284      4.658      0.000      4.510      2.235     14.299     21.192   1796.772   2971.684    487.260     35.018   1309.512   1174.912   1153.220    156.292  TILE  9  PFT  9 FRAC     0.05
  1960     3.063      3.889      0.000      3.796      2.003     12.589     18.481   1716.578   2916.539    603.022     33.899   1113.556   1199.961    973.907    139.649  TILE  9  PFT  9 FRAC     0.05
  1961     4.042      3.805      0.000      3.668      1.723     11.828     17.356   1812.465   2937.016    706.161    155.930   1106.304   1124.551    956.936    149.368  TILE  9  PFT  9 FRAC     0.05
  1962     4.172      3.591      0.000      3.448      1.593      9.860     15.045   2377.875   3567.807   1449.555   1023.397    928.320   1189.933    809.444    118.875  TILE  9  PFT  9 FRAC     0.05
  1963     4.105      3.610      0.000      3.467      1.618      9.208     14.436   2144.483   3285.262   1273.892    815.489    870.591   1140.779    770.921     99.670  TILE  9  PFT  9 FRAC     0.05
  1964     4.182      3.483      0.000      3.328      1.519      8.051     13.053   2486.167   3674.822   1632.096   1224.611    854.071   1188.654    762.970     91.101  TILE  9  PFT  9 FRAC     0.06
  1965     4.103      3.525      0.000      3.391      1.599      7.812     12.936   2328.894   3477.300   1487.301   1084.361    841.593   1148.406    755.669     85.923  TILE  9  PFT  9 FRAC     0.06
  1966     4.022      3.387      0.000      3.252      1.555      7.529     12.470   2182.393   3305.564   1339.472    943.199    842.921   1123.171    761.754     81.167  TILE  9  PFT  9 FRAC     0.07
  1967     4.289      3.665      0.000      3.518      1.634      8.129     13.427   2274.488   3413.484   1385.752   1005.820    888.736   1138.996    798.886     89.850  TILE  9  PFT  9 FRAC     0.06
  1968     4.456      3.836      0.000      3.677      1.661      8.232     13.730   2676.248   3914.426   1761.305   1407.586    914.943   1238.178    824.965     89.978  TILE  9  PFT  9 FRAC     0.07
  1969     4.315      4.035      0.000      3.887      1.839      8.720     14.593   2674.963   3939.341   1746.153   1384.379    928.809   1264.378    839.779     89.031  TILE  9  PFT  9 FRAC     0.07
  1970     4.345      4.235      0.000      4.083      1.905      9.851     15.990   2183.304   3399.921   1140.777    679.533   1042.527   1216.617    935.842    106.685  TILE  9  PFT  9 FRAC     0.06
  1971     4.401      4.311      0.000      4.150      1.913     10.517     16.742   2409.484   3692.328   1332.698    887.719   1076.786   1282.844    967.408    109.378  TILE  9  PFT  9 FRAC     0.06
  1972     4.360      4.262      0.000      4.113      1.923     10.577     16.762   2517.058   3813.285   1455.031   1045.228   1062.027   1296.227    948.786    113.241  TILE  9  PFT  9 FRAC     0.06
  1973     4.336      4.491      0.000      4.337      2.070     12.427     18.987   2002.691   3214.084    847.290    431.367   1155.401   1211.393   1027.369    128.031  TILE  9  PFT  9 FRAC     0.05
  1974     4.197      4.291      0.000      4.147      1.976     12.213     18.480   2074.196   3313.428    953.547    439.401   1120.649   1239.232    987.437    133.212  TILE  9  PFT  9 FRAC     0.05
  1975     4.191      4.208      0.000      4.064      1.905     12.145     18.259   2047.449   3268.377    923.631    431.401   1123.819   1220.928    985.699    138.120  TILE  9  PFT  9 FRAC     0.04
  1976     4.378      3.991      0.000      3.831      1.761     11.062     16.814   2483.293   3737.034   1422.726   1066.655   1060.567   1253.741    931.784    128.783  TILE  9  PFT  9 FRAC     0.05
  1977     4.382      3.910      0.000      3.751      1.717     10.265     15.892   2571.595   3814.047   1569.515   1220.049   1002.081   1242.452    886.288    115.793  TILE  9  PFT  9 FRAC     0.05
  1978     4.396      4.012      0.000      3.858      1.785     10.171     15.968   2575.423   3823.636   1580.223   1218.931    995.200   1248.213    885.038    110.162  TILE  9  PFT  9 FRAC     0.05
  1979     3.960      3.595      0.000      3.463      1.650      8.977     14.222   2253.249   3451.731   1296.945    853.025    956.304   1198.482    852.654    103.650  TILE  9  PFT  9 FRAC     0.06
  1980     3.947      3.472      0.000      3.336      1.550      8.652     13.674   2036.142   3152.419   1087.491    671.194    948.651   1116.277    844.344    104.307  TILE  9  PFT  9 FRAC     0.06
  1981     4.021      3.471      0.000      3.336      1.589      8.375     13.435   2347.934   3500.896   1463.943   1123.586    883.992   1152.962    790.907     93.084  TILE  9  PFT  9 FRAC     0.07
  1982     3.983      3.568      0.000      3.437      1.608      8.139     13.316   2183.909   3343.570   1305.125    794.363    878.785   1159.661    785.460     93.324  TILE  9  PFT  9 FRAC     0.07
  1983     4.280      3.722      0.000      3.570      1.604      8.719     14.044   2101.801   3225.071   1168.642    760.565    933.159   1123.270    836.397     96.762  TILE  9  PFT  9 FRAC     0.07
  1984     3.630      3.560      0.000      3.446      1.712      8.420     13.692   2139.186   3284.695   1284.751    856.733    854.435   1145.510    767.037     87.398  TILE  9  PFT  9 FRAC     0.07
  1985     4.046      3.870      0.000      3.731      1.802     10.227     15.898   1621.560   2654.121    633.237    209.071    988.323   1032.561    881.695    106.627  TILE  9  PFT  9 FRAC     0.06
  1986     4.205      3.898      0.000      3.760      1.803     10.215     15.916   2171.327   3344.894   1202.380    781.600    968.946   1173.568    858.821    110.125  TILE  9  PFT  9 FRAC     0.06
  1987     3.939      3.788      0.000      3.672      1.805     10.497     16.090   1728.641   2831.324    726.504    262.177   1002.137   1102.683    883.755    118.382  TILE  9  PFT  9 FRAC     0.05
  1988     4.161      3.932      0.000      3.795      1.785     11.260     16.976   1742.332   2828.623    705.017    239.063   1037.315   1086.291    910.875    126.440  TILE  9  PFT  9 FRAC     0.04
  1989     4.090      3.647      0.000      3.511      1.667     10.069     15.384   2046.227   3185.685   1086.502    662.952    959.726   1139.458    840.088    119.638  TILE  9  PFT  9 FRAC     0.05
  1990     4.276      3.697      0.000      3.544      1.604      9.703     15.004   2046.303   3165.484   1100.053    629.895    946.250   1119.181    833.275    112.975  TILE  9  PFT  9 FRAC     0.04
  1991     3.940      3.077      0.000      2.932      1.329      7.018     11.424   2501.435   3672.657   1666.804   1272.843    834.631   1171.221    740.455     94.176  TILE  9  PFT  9 FRAC     0.06
  1992     3.988      3.075      0.000      2.944      1.384      6.074     10.533   2615.861   3763.454   1905.934   1552.283    709.927   1147.593    643.640     66.287  TILE  9  PFT  9 FRAC     0.07
  1993     4.030      3.184      0.000      3.047      1.393      6.156     10.734   2293.832   3382.159   1513.122   1152.725    780.711   1088.327    709.759     70.952  TILE  9  PFT  9 FRAC     0.08
  1994     4.089      3.364      0.000      3.221      1.490      6.598     11.452   2318.544   3424.609   1521.564   1197.041    796.980   1106.065    724.580     72.400  TILE  9  PFT  9 FRAC     0.09
  1995     4.303      3.728      0.000      3.573      1.594      7.425     12.748   2561.214   3757.016   1670.765   1328.189    890.449   1195.802    809.021     81.428  TILE  9  PFT  9 FRAC     0.09
  1996     4.496      4.236      0.000      4.077      1.880      8.991     15.107   2532.547   3775.162   1567.403   1189.403    965.143   1242.615    876.216     88.927  TILE  9  PFT  9 FRAC     0.08
  1997     4.458      4.496      0.000      4.337      2.077     10.959     17.532   2238.145   3474.635   1127.184    741.961   1110.961   1236.490   1001.347    109.614  TILE  9  PFT  9 FRAC     0.06
  1998     3.515      4.223      0.000      4.126      2.207     11.449     17.879   1817.664   3021.297    771.679    254.873   1045.986   1203.633    930.153    115.832  TILE  9  PFT  9 FRAC     0.06
  1999     4.270      4.499      0.000      4.350      2.141     13.740     20.380   1796.203   2952.025    526.837     86.538   1269.366   1155.823   1116.806    152.560  TILE  9  PFT  9 FRAC     0.05
  2000     3.125      3.721      0.000      3.626      1.905     11.682     17.309   1813.085   3003.169    754.805    208.352   1058.280   1190.084    927.038    131.242  TILE  9  PFT  9 FRAC     0.05
  2001     4.045      3.619      0.000      3.482      1.628     10.793     16.040   1838.826   2941.861    787.883    262.073   1050.943   1103.035    912.638    138.305  TILE  9  PFT  9 FRAC     0.05
  2002     4.185      3.516      0.000      3.372      1.551      9.147     14.214   2424.525   3599.974   1542.393   1134.906    882.131   1175.450    773.360    108.771  TILE  9  PFT  9 FRAC     0.05
  2003     4.125      3.622      0.000      3.478      1.621      8.819     14.063   2176.553   3316.074   1324.670    874.667    851.883   1139.520    758.442     93.441  TILE  9  PFT  9 FRAC     0.05
  2004     4.206      3.526      0.000      3.371      1.540      7.921     12.987   2489.354   3680.155   1636.454   1230.214    852.900   1190.801    764.895     88.005  TILE  9  PFT  9 FRAC     0.06
  2005     4.121      3.612      0.000      3.478      1.644      7.939     13.195   2319.071   3475.616   1461.780   1053.583    857.292   1156.545    771.331     85.961  TILE  9  PFT  9 FRAC     0.06
  2006     4.078      3.542      0.000      3.406      1.635      7.962     13.138   2154.600   3287.939   1287.050    882.232    867.551   1133.338    783.999     83.552  TILE  9  PFT  9 FRAC     0.06
  2007     4.285      3.772      0.000      3.625      1.693      8.624     14.089   2229.722   3381.983   1299.469    904.993    930.253   1152.261    834.827     95.426  TILE  9  PFT  9 FRAC     0.06
  2008     4.443      3.851      0.000      3.692      1.670      8.508     14.030   2650.251   3893.968   1713.738   1350.437    936.513   1243.717    842.116     94.396  TILE  9  PFT  9 FRAC     0.07
  2009     4.307      4.009      0.000      3.861      1.824      8.814     14.647   2668.257   3931.251   1738.541   1374.948    929.715   1262.994    838.675     91.040  TILE  9  PFT  9 FRAC     0.07
  2010     4.342      4.182      0.000      4.031      1.875      9.768     15.826   2194.378   3406.922   1163.198    705.123   1031.181   1212.544    924.545    106.635  TILE  9  PFT  9 FRAC     0.06
  2011     4.395      4.239      0.000      4.078      1.873     10.268     16.380   2426.148   3701.937   1369.497    930.942   1056.650   1275.790    949.256    107.394  TILE  9  PFT  9 FRAC     0.06
  2012     4.362      4.199      0.000      4.050      1.889     10.272     16.360   2534.181   3823.287   1493.179   1090.174   1041.002   1289.106    930.808    110.194  TILE  9  PFT  9 FRAC     0.06
  2013     4.342      4.432      0.000      4.278      2.037     12.025     18.494   2032.605   3239.573    900.408    490.184   1132.196   1206.969   1008.402    123.794  TILE  9  PFT  9 FRAC     0.05
  2014     4.205      4.257      0.000      4.113      1.957     11.859     18.072   2101.384   3337.093    999.919    492.878   1101.465   1235.709    972.703    128.762  TILE  9  PFT  9 FRAC     0.05
  2015     4.204      4.205      0.000      4.060      1.902     11.893     18.000   2070.858   3291.964    959.265    471.101   1111.593   1221.106    977.372    134.222  TILE  9  PFT  9 FRAC     0.05
  2016     4.381      4.012      0.000      3.853      1.772     10.982     16.766   2485.882   3741.574   1424.521   1068.541   1061.361   1255.692    934.333    127.028  TILE  9  PFT  9 FRAC     0.05
  2017     4.384      3.938      0.000      3.779      1.732     10.289     15.959   2568.609   3814.525   1559.501   1208.155   1009.108   1245.915    893.513    115.595  TILE  9  PFT  9 FRAC     0.05
  2018     4.394      4.035      0.000      3.881      1.797     10.239     16.071   2568.894   3820.564   1564.908   1200.589   1003.986   1251.670    893.127    110.859  TILE  9  PFT  9 FRAC     0.05
  2019     3.958      3.609      0.000      3.478      1.657      9.051     14.317   2243.619   3444.490   1279.904    832.302    963.715   1200.871    859.061    104.655  TILE  9  PFT  9 FRAC     0.06
  2020     3.944      3.475      0.000      3.339      1.552      8.711     13.738   2021.968   3137.529   1068.649    650.359    953.319   1115.561    848.048    105.271  TILE  9  PFT  9 FRAC     0.06
  2021     4.016      3.456      0.000      3.321      1.582      8.365     13.402   2344.423   3496.295   1460.823   1119.930    883.600   1151.872    790.127     93.473  TILE  9  PFT  9 FRAC     0.07
  2022     3.981      3.554      0.000      3.422      1.601      8.104     13.258   2186.240   3343.771   1311.025    801.596    875.214   1157.531    782.111     93.103  TILE  9  PFT  9 FRAC     0.07
  2023     4.279      3.704      0.000      3.552      1.595      8.645     13.943   2109.756   3231.811   1182.330    775.725    927.426   1122.056    831.403     96.023  TILE  9  PFT  9 FRAC     0.06
  2024     3.632      3.545      0.000      3.431      1.704      8.342     13.592   2144.358   3288.077   1294.973    868.689    849.385   1143.719    762.822     86.564  TILE  9  PFT  9 FRAC     0.07
  2025     4.048      3.860      0.000      3.720      1.796     10.150     15.806   1623.804   2654.362    640.344    218.434    983.461   1030.557    877.741    105.719  TILE  9  PFT  9 FRAC     0.06
  2026     4.205      3.892      0.000      3.754      1.800     10.149     15.841   2173.256   3345.845   1207.229    786.987    966.028   1172.589    856.666    109.361  TILE  9  PFT  9 FRAC     0.06
  2027     3.943      3.777      0.000      3.661      1.799     10.407     15.983   1736.607   2839.188    738.506    276.147    998.101   1102.582    880.708    117.393  TILE  9  PFT  9 FRAC     0.05
  2028     4.165      3.934      0.000      3.797      1.786     11.217     16.937   1743.306   2828.600    709.164    244.599   1034.142   1085.295    908.624    125.517  TILE  9  PFT  9 FRAC     0.04
  2029     4.089      3.660      0.000      3.524      1.679     10.093     15.433   2041.713   3181.338   1083.060    659.184    958.653   1139.625    839.341    119.312  TILE  9  PFT  9 FRAC     0.05
  2030     4.278      3.721      0.000      3.567      1.616      9.795     15.132   2036.727   3156.923   1083.698    611.015    953.029   1120.196    839.329    113.701  TILE  9  PFT  9 FRAC     0.04
  2031     3.938      3.077      0.000      2.932      1.330      7.049     11.456   2496.029   3668.110   1657.515   1261.715    838.513   1172.081    743.645     94.869  TILE  9  PFT  9 FRAC     0.06
  2032     3.986      3.069      0.000      2.938      1.381      6.074     10.524   2616.916   3764.232   1907.388   1553.993    709.528   1147.316    643.109     66.419  TILE  9  PFT  9 FRAC     0.07
  2033     4.030      3.195      0.000      3.058      1.399      6.192     10.787   2294.414   3384.040   1510.927   1149.914    783.487   1089.626    712.198     71.290  TILE  9  PFT  9 FRAC     0.08
  2034     4.082      3.353      0.000      3.210      1.484      6.590     11.427   2311.945   3417.223   1513.902   1188.292    798.043   1105.278    725.380     72.663  TILE  9  PFT  9 FRAC     0.09
  2035     4.291      3.707      0.000      3.551      1.583      7.373     12.663   2561.125   3754.650   1674.550   1332.907    886.575   1193.525    805.418     81.158  TILE  9  PFT  9 FRAC     0.09
  2036     4.496      4.219      0.000      4.060      1.870      8.917     15.006   2537.606   3777.705   1579.160   1203.338    958.446   1240.099    870.300     88.146  TILE  9  PFT  9 FRAC     0.08
  2037     4.462      4.487      0.000      4.327      2.072     10.885     17.444   2245.106   3480.513   1139.412    755.879   1105.694   1235.407    996.999    108.694  TILE  9  PFT  9 FRAC     0.06
  2038     3.522      4.228      0.000      4.131      2.209     11.408     17.846   1826.604   3030.913    783.503    267.637   1043.101   1204.309    928.070    115.031  TILE  9  PFT  9 FRAC     0.06
  2039     4.270      4.504      0.000      4.356      2.144     13.717     20.365   1796.845   2953.934    526.345     85.611   1270.500   1157.088   1118.377    152.123  TILE  9  PFT  9 FRAC     0.05
  2040     3.128      3.727      0.000      3.632      1.908     11.677     17.313   1816.330   3007.646    757.222    210.956   1059.108   1191.316    928.102    131.006  TILE  9  PFT  9 FRAC     0.05
  2041     4.046      3.626      0.000      3.489      1.631     10.807     16.065   1838.697   2942.734    785.952    259.529   1052.745   1104.037    914.355    138.390  TILE  9  PFT  9 FRAC     0.05
  2042     4.190      3.528      0.000      3.384      1.557      9.188     14.273   2423.673   3600.222   1539.281   1131.228    884.391   1176.549    775.393    108.998  TILE  9  PFT  9 FRAC     0.05
  2043     4.124      3.629      0.000      3.486      1.626      8.861     14.115   2173.390   3313.964   1318.240    868.106    855.150   1140.574    761.229     93.921  TILE  9  PFT  9 FRAC     0.05
  2044     4.204      3.528      0.000      3.373      1.541      7.946     13.016   2485.889   3677.062   1631.084   1223.704    854.806   1191.172    766.381     88.425  TILE  9  PFT  9 FRAC     0.06
  2045     4.120      3.608      0.000      3.474      1.642      7.944     13.195   2317.442   3473.698   1459.821   1051.387    857.621   1156.256    771.448     86.173  TILE  9  PFT  9 FRAC     0.06
  2046     4.068      3.527      0.000      3.392      1.627      7.926     13.081   2157.792   3290.803   1291.988    887.566    865.804   1133.012    782.393     83.411  TILE  9  PFT  9 FRAC     0.06
  2047     4.287      3.760      0.000      3.614      1.686      8.575     14.021   2233.236   3383.945   1307.020    913.895    926.217   1150.709    831.301     94.916  TILE  9  PFT  9 FRAC     0.06
  2048     4.444      3.846      0.000      3.687      1.668      8.467     13.981   2652.847   3895.530   1719.662   1357.457    933.185   1242.683    839.348     93.836  TILE  9  PFT  9 FRAC     0.07
  2049     4.308      4.006      0.000      3.858      1.823      8.782     14.611   2671.413   3934.056   1743.772   1381.651    927.641   1262.643    837.092     90.549  TILE  9  PFT  9 FRAC     0.07
  2050     4.342      4.182      0.000      4.030      1.875      9.748     15.805   2194.397   3406.770   1163.511    705.305   1030.886   1212.373    924.537    106.350  TILE  9  PFT  9 FRAC     0.06
  2051     4.395      4.240      0.000      4.078      1.873     10.252     16.365   2428.628   3704.754   1372.479    934.223   1056.149   1276.126    948.985    107.164  TILE  9  PFT  9 FRAC     0.06
  2052     4.362      4.201      0.000      4.052      1.890     10.266     16.356   2534.474   3823.790   1493.416   1090.559   1041.059   1289.316    931.009    110.050  TILE  9  PFT  9 FRAC     0.06
  2053     4.341      4.435      0.000      4.281      2.039     12.033     18.507   2028.769   3235.449    895.583    485.058   1133.186   1206.680   1009.322    123.864  TILE  9  PFT  9 FRAC     0.05
  2054     4.204      4.258      0.000      4.114      1.958     11.862     18.078   2101.181   3337.189    999.490    492.352   1101.692   1236.008    972.875    128.817  TILE  9  PFT  9 FRAC     0.05
  2055     4.201      4.200      0.000      4.055      1.899     11.879     17.978   2069.647   3290.349    958.127    469.731   1111.519   1220.703    977.402    134.118  TILE  9  PFT  9 FRAC     0.05
  2056     4.380      4.007      0.000      3.847      1.768     10.957     16.732   2484.821   3739.791   1424.824   1068.547   1059.997   1254.970    933.148    126.849  TILE  9  PFT  9 FRAC     0.05
  2057     4.384      3.932      0.000      3.774      1.729     10.255     15.917   2573.178   3818.877   1566.416   1216.360   1006.762   1245.699    891.562    115.200  TILE  9  PFT  9 FRAC     0.05
  2058     4.394      4.032      0.000      3.878      1.796     10.210     16.038   2570.905   3822.185   1568.627   1205.141   1002.278   1251.279    891.789    110.489  TILE  9  PFT  9 FRAC     0.05
  2059     3.958      3.605      0.000      3.474      1.656      9.021     14.282   2245.406   3445.805   1283.314    836.381    962.091   1200.400    857.801    104.290  TILE  9  PFT  9 FRAC     0.06
  2060     3.945      3.475      0.000      3.339      1.552      8.692     13.719   2025.372   3141.048   1073.100    655.482    952.272   1115.676    847.251    105.021  TILE  9  PFT  9 FRAC     0.06
  2061     4.017      3.458      0.000      3.324      1.583      8.360     13.401   2344.595   3496.649   1460.849   1119.953    883.746   1152.054    790.408     93.338  TILE  9  PFT  9 FRAC     0.07
  2062     3.981      3.556      0.000      3.425      1.602      8.105     13.263   2184.474   3342.310   1308.559    798.673    875.915   1157.836    782.791     93.124  TILE  9  PFT  9 FRAC     0.07
  2063     4.279      3.706      0.000      3.555      1.596      8.653     13.956   2107.779   3229.826   1179.640    772.882    928.139   1122.047    832.035     96.104  TILE  9  PFT  9 FRAC     0.06
  2064     3.630      3.547      0.000      3.433      1.705      8.350     13.602   2143.540   3287.383   1293.482    866.867    850.058   1143.843    763.416     86.642  TILE  9  PFT  9 FRAC     0.07
  2065     4.047      3.858      0.000      3.719      1.796     10.150     15.804   1623.195   2653.759    639.364    217.214    983.831   1030.564    878.026    105.805  TILE  9  PFT  9 FRAC     0.06
  2066     4.206      3.886      0.000      3.749      1.797     10.132     15.816   2176.760   3349.480   1211.796    792.335    964.964   1172.719    855.707    109.257  TILE  9  PFT  9 FRAC     0.06
  2067     3.947      3.775      0.000      3.659      1.798     10.382     15.956   1745.758   2849.486    749.428    287.635    996.330   1103.728    879.319    117.010  TILE  9  PFT  9 FRAC     0.05
  2068     4.166      3.933      0.000      3.797      1.786     11.199     16.918   1743.783   2828.952    710.184    245.686   1033.599   1085.169    908.354    125.244  TILE  9  PFT  9 FRAC     0.04
  2069     4.089      3.662      0.000      3.525      1.680     10.088     15.429   2040.581   3180.059   1081.734    657.767    958.846   1139.479    839.626    119.220  TILE  9  PFT  9 FRAC     0.05
  2070     4.279      3.721      0.000      3.568      1.617      9.794     15.132   2036.635   3156.970   1083.331    610.571    953.305   1120.334    839.665    113.640  TILE  9  PFT  9 FRAC     0.04
  2071     3.938      3.079      0.000      2.934      1.330      7.054     11.464   2495.563   3668.066   1656.396   1260.355    839.167   1172.503    744.222     94.945  TILE  9  PFT  9 FRAC     0.06
  2072     3.985      3.070      0.000      2.939      1.381      6.081     10.532   2612.780   3759.917   1902.523   1548.028    710.256   1147.138    643.712     66.545  TILE  9  PFT  9 FRAC     0.07
  2073     4.030      3.200      0.000      3.062      1.402      6.210     10.811   2292.149   3381.915   1507.456   1145.882    784.693   1089.766    713.226     71.467  TILE  9  PFT  9 FRAC     0.08
  2074     4.079      3.349      0.000      3.206      1.483      6.590     11.422   2309.750   3414.770   1511.326   1185.515    798.424   1105.020    725.650     72.775  TILE  9  PFT  9 FRAC     0.09
  2075     4.287      3.699      0.000      3.543      1.579      7.354     12.632   2562.139   3754.954   1676.817   1335.521    885.322   1192.816    804.248     81.074  TILE  9  PFT  9 FRAC     0.09
  2076     4.497      4.212      0.000      4.053      1.865      8.891     14.968   2538.970   3778.298   1582.365   1207.273    956.605   1239.328    868.642     87.963  TILE  9  PFT  9 FRAC     0.08
  2077     4.463      4.482      0.000      4.323      2.069     10.853     17.404   2249.124   3484.346   1146.079    763.335   1103.045   1235.222    994.720    108.325  TILE  9  PFT  9 FRAC     0.06
  2078     3.521      4.219      0.000      4.122      2.205     11.362     17.785   1828.215   3031.914    786.974    271.945   1041.241   1203.699    926.643    114.598  TILE  9  PFT  9 FRAC     0.06
  2079     4.271      4.498      0.000      4.349      2.141     13.673     20.311   1796.460   2952.081    528.547     88.768   1267.913   1155.621   1116.256    151.657  TILE  9  PFT  9 FRAC     0.05
  2080     3.125      3.726      0.000      3.631      1.908     11.660     17.294   1813.074   3003.329    755.064    208.404   1058.009   1190.256    927.263    130.746  TILE  9  PFT  9 FRAC     0.05
  2081     4.046      3.627      0.000      3.490      1.632     10.799     16.058   1837.936   2941.870    785.447    258.903   1052.489   1103.934    914.296    138.193  TILE  9  PFT  9 FRAC     0.05
  2082     4.189      3.528      0.000      3.384      1.557      9.182     14.267   2422.186   3598.587   1537.658   1129.278    884.528   1176.400    775.524    109.005  TILE  9  PFT  9 FRAC     0.05
  2083     4.124      3.630      0.000      3.486      1.625      8.856     14.110   2172.863   3313.609   1317.812    866.297    855.050   1140.746    761.173     93.877  TILE  9  PFT  9 FRAC     0.05
  2084     4.204      3.527      0.000      3.372      1.541      7.937     13.004   2486.993   3678.084   1632.696   1225.740    854.297   1191.091    765.994     88.303  TILE  9  PFT  9 FRAC     0.06
  2085     4.120      3.608      0.000      3.474      1.643      7.937     13.187   2318.932   3475.204   1462.184   1054.088    856.748   1156.272    770.730     86.018  TILE  9  PFT  9 FRAC     0.06
  2086     4.077      3.538      0.000      3.403      1.633      7.951     13.121   2156.214   3289.270   1289.790    885.002    866.423   1133.056    782.969     83.454  TILE  9  PFT  9 FRAC     0.06
  2087     4.285      3.767      0.000      3.620      1.689      8.601     14.057   2230.397   3382.105   1301.517    907.305    928.880   1151.708    833.637     95.243  TILE  9  PFT  9 FRAC     0.06
  2088     4.443      3.848      0.000      3.689      1.668      8.485     14.001   2651.198   3894.350   1716.295   1353.533    934.903   1243.152    840.744     94.158  TILE  9  PFT  9 FRAC     0.07
  2089     4.307      4.005      0.000      3.857      1.821      8.787     14.614   2669.350   3931.738   1741.335   1378.244    928.015   1262.389    837.267     90.747  TILE  9  PFT  9 FRAC     0.07
  2090     4.342      4.180      0.000      4.028      1.874      9.745     15.800   2194.300   3406.388   1164.256    706.531   1030.044   1212.088    923.673    106.372  TILE  9  PFT  9 FRAC     0.06
  2091     4.395      4.237      0.000      4.075      1.871     10.245     16.353   2426.692   3702.253   1370.919    932.605   1055.772   1275.561    948.595    107.177  TILE  9  PFT  9 FRAC     0.06
  2092     4.362      4.197      0.000      4.048      1.888     10.251     16.336   2534.040   3822.850   1493.916   1090.967   1040.123   1288.810    930.146    109.977  TILE  9  PFT  9 FRAC     0.06
  2093     4.342      4.430      0.000      4.276      2.036     12.004     18.470   2033.161   3239.949    901.908    491.894   1131.254   1206.787   1007.699    123.555  TILE  9  PFT  9 FRAC     0.05
  2094     4.205      4.255      0.000      4.112      1.956     11.840     18.051   2101.968   3337.503   1001.354    494.517   1100.614   1235.535    972.092    128.522  TILE  9  PFT  9 FRAC     0.05
  2095     4.201      4.199      0.000      4.054      1.899     11.858     17.956   2071.195   3291.936    960.619    472.649   1110.576   1220.741    976.610    133.965  TILE  9  PFT  9 FRAC     0.05
  2096     4.381      4.008      0.000      3.848      1.769     10.947     16.724   2487.776   3743.001   1428.434   1072.699   1059.342   1255.224    932.718    126.624  TILE  9  PFT  9 FRAC     0.05
  2097     4.384      3.935      0.000      3.776      1.730     10.259     15.924   2570.011   3815.505   1562.407   1211.562   1007.604   1245.494    892.370    115.234  TILE  9  PFT  9 FRAC     0.05
  2098     4.395      4.032      0.000      3.877      1.795     10.209     16.036   2571.870   3823.364   1569.196   1205.975   1002.675   1251.494    892.178    110.497  TILE  9  PFT  9 FRAC     0.05
  2099     3.959      3.609      0.000      3.477      1.657      9.030     14.296   2246.635   3447.284   1284.643    838.249    961.992   1200.649    857.716    104.276  TILE  9  PFT  9 FRAC     0.06
  2100     3.946      3.478      0.000      3.342      1.553      8.703     13.734   2025.635   3141.954   1072.462    654.607    953.174   1116.319    848.054    105.119  TILE  9  PFT  9 FRAC     0.06
  2101     4.017      3.461      0.000      3.326      1.584      8.373     13.418   2344.552   3497.030   1459.685   1118.738    884.867   1152.478    791.366     93.501  TILE  9  PFT  9 FRAC     0.07
  2102     3.981      3.561      0.000      3.429      1.604      8.121     13.286   2186.646   3345.021   1310.388    800.717    876.258   1158.375    783.080     93.177  TILE  9  PFT  9 FRAC     0.07
  2103     4.279      3.710      0.000      3.558      1.598      8.670     13.977   2107.170   3229.788   1177.567    770.315    929.603   1122.618    833.298     96.306  TILE  9  PFT  9 FRAC     0.06
  2104     3.630      3.547      0.000      3.432      1.705      8.358     13.609   2142.685   3286.789   1291.838    864.993    850.848   1144.104    764.027     86.821  TILE  9  PFT  9 FRAC     0.07
  2105     4.048      3.857      0.000      3.718      1.795     10.154     15.807   1623.958   2654.816    640.089    217.995    983.869   1030.859    878.030    105.839  TILE  9  PFT  9 FRAC     0.06
  2106     4.205      3.882      0.000      3.744      1.795     10.123     15.800   2176.603   3349.148   1211.757    792.375    964.846   1172.545    855.559    109.287  TILE  9  PFT  9 FRAC     0.06
  2107     3.945      3.779      0.000      3.663      1.800     10.402     15.981   1740.461   2843.339    743.383    280.686    997.078   1102.878    879.855    117.223  TILE  9  PFT  9 FRAC     0.05
  2108     4.166      3.932      0.000      3.796      1.785     11.201     16.919   1745.837   2831.476    711.603    247.544   1034.233   1085.639    908.808    125.425  TILE  9  PFT  9 FRAC     0.04
  2109     4.089      3.661      0.000      3.525      1.680     10.087     15.427   2042.271   3181.731   1084.392    661.050    957.879   1139.460    838.781    119.098  TILE  9  PFT  9 FRAC     0.05
  2110     4.275      3.710      0.000      3.557      1.612      9.756     15.078   2038.993   3159.085   1086.785    614.183    952.208   1120.092    838.756    113.452  TILE  9  PFT  9 FRAC     0.04
  2111     3.939      3.083      0.000      2.938      1.332      7.056     11.471   2497.935   3670.447   1659.452   1263.903    838.484   1172.511    743.703     94.781  TILE  9  PFT  9 FRAC     0.06
  2112     3.986      3.072      0.000      2.941      1.382      6.084     10.539   2614.335   3762.086   1903.400   1549.245    710.934   1147.752    644.377     66.557  TILE  9  PFT  9 FRAC     0.07
  2113     4.030      3.208      0.000      3.070      1.406      6.230     10.844   2294.211   3385.494   1507.502   1145.462    786.709   1091.283    715.092     71.617  TILE  9  PFT  9 FRAC     0.08
  2114     4.078      3.356      0.000      3.213      1.485      6.612     11.453   2309.031   3414.871   1508.772   1182.145    800.259   1105.839    727.249     73.010  TILE  9  PFT  9 FRAC     0.09
  2115     4.291      3.705      0.000      3.549      1.581      7.379     12.666   2559.229   3752.451   1672.510   1330.417    886.719   1193.222    805.387     81.332  TILE  9  PFT  9 FRAC     0.09
  2116     4.495      4.211      0.000      4.052      1.865      8.902     14.978   2538.329   3777.827   1581.322   1205.831    957.007   1239.498    868.912     88.095  TILE  9  PFT  9 FRAC     0.08
  2117     4.462      4.477      0.000      4.318      2.066     10.847     17.390   2247.951   3482.497   1145.237    762.464   1102.714   1234.546    994.348    108.365  TILE  9  PFT  9 FRAC     0.06
  2118     3.525      4.211      0.000      4.114      2.199     11.335     17.746   1830.669   3033.873    790.907    276.361   1039.761   1203.204    925.259    114.503  TILE  9  PFT  9 FRAC     0.06
  2119     4.271      4.490      0.000      4.341      2.136     13.636     20.262   1797.727   2952.469    532.862     94.312   1264.864   1154.743   1113.673    151.192  TILE  9  PFT  9 FRAC     0.05
  2120     3.135      3.717      0.000      3.622      1.902     11.600     17.219   1822.904   3013.398    767.835    223.029   1055.069   1190.494    924.888    130.181  TILE  9  PFT  9 FRAC     0.05
  2121     4.047      3.624      0.000      3.487      1.630     10.766     16.020   1836.822   2939.623    786.527    261.189   1050.295   1102.801    912.581    137.714  TILE  9  PFT  9 FRAC     0.05
  2122     4.190      3.530      0.000      3.386      1.558      9.170     14.258   2424.345   3600.964   1540.529   1132.662    883.816   1176.620    775.133    108.683  TILE  9  PFT  9 FRAC     0.05
  2123     4.125      3.633      0.000      3.490      1.628      8.863     14.124   2172.630   3313.343   1316.873    866.724    855.756   1140.713    761.914     93.842  TILE  9  PFT  9 FRAC     0.05
  2124     4.204      3.531      0.000      3.376      1.543      7.952     13.026   2486.610   3678.504   1630.806   1223.036    855.804   1191.894    767.349     88.454  TILE  9  PFT  9 FRAC     0.06
  2125     4.121      3.611      0.000      3.477      1.644      7.954     13.210   2318.196   3474.995   1459.799   1051.400    858.397   1156.799    772.166     86.231  TILE  9  PFT  9 FRAC     0.06
  2126     4.076      3.539      0.000      3.403      1.633      7.960     13.133   2156.569   3290.202   1289.333    884.364    867.236   1133.633    783.621     83.615  TILE  9  PFT  9 FRAC     0.06
  2127     4.286      3.767      0.000      3.620      1.689      8.610     14.066   2229.496   3381.086   1300.213    905.944    929.283   1151.590    833.917     95.366  TILE  9  PFT  9 FRAC     0.06
  2128     4.443      3.848      0.000      3.689      1.668      8.490     14.006   2651.306   3894.472   1716.565   1353.761    934.740   1243.166    840.546     94.194  TILE  9  PFT  9 FRAC     0.07
  2129     4.307      4.004      0.000      3.856      1.821      8.791     14.616   2671.744   3934.549   1743.347   1381.065    928.398   1262.804    837.641     90.757  TILE  9  PFT  9 FRAC     0.07
  2130     4.342      4.180      0.000      4.028      1.874      9.748     15.802   2195.334   3407.501   1165.343    707.637   1029.991   1212.167    923.621    106.370  TILE  9  PFT  9 FRAC     0.06
  2131     4.395      4.237      0.000      4.076      1.872     10.247     16.356   2429.161   3705.010   1373.671    935.623   1055.490   1275.849    948.342    107.148  TILE  9  PFT  9 FRAC     0.06
  2132     4.362      4.199      0.000      4.050      1.889     10.257     16.345   2534.975   3824.040   1494.535   1091.821   1040.440   1289.064    930.463    109.977  TILE  9  PFT  9 FRAC     0.06
  2133     4.341      4.432      0.000      4.279      2.037     12.021     18.490   2029.604   3236.095    897.185    486.819   1132.419   1206.490   1008.677    123.743  TILE  9  PFT  9 FRAC     0.05
  2134     4.205      4.256      0.000      4.112      1.957     11.850     18.063   2102.421   3338.333   1001.332    494.561   1101.088   1235.912    972.404    128.684  TILE  9  PFT  9 FRAC     0.05
  2135     4.202      4.199      0.000      4.054      1.899     11.866     17.964   2073.108   3294.166    962.419    474.525   1110.690   1221.058    976.772    133.918  TILE  9  PFT  9 FRAC     0.05
  2136     4.382      4.009      0.000      3.849      1.770     10.954     16.732   2488.246   3743.545   1428.570   1072.959   1059.676   1255.299    933.019    126.657  TILE  9  PFT  9 FRAC     0.05
  2137     4.385      3.937      0.000      3.779      1.732     10.273     15.942   2568.831   3814.431   1560.582   1209.347   1008.249   1245.600    892.878    115.371  TILE  9  PFT  9 FRAC     0.05
  2138     4.395      4.037      0.000      3.882      1.799     10.234     16.069   2571.312   3823.098   1567.761   1204.322   1003.551   1251.786    892.895    110.657  TILE  9  PFT  9 FRAC     0.05
  2139     3.959      3.612      0.000      3.481      1.659      9.054     14.325   2244.880   3446.030   1280.992    833.662    963.889   1201.150    859.302    104.586  TILE  9  PFT  9 FRAC     0.06
  2140     3.944      3.476      0.000      3.340      1.553      8.712     13.741   2023.199   3139.397   1069.037    650.713    954.163   1116.198    848.801    105.362  TILE  9  PFT  9 FRAC     0.06
  2141     4.017      3.458      0.000      3.323      1.582      8.373     13.413   2343.728   3495.701   1459.242   1118.281    884.486   1151.973    790.920     93.566  TILE  9  PFT  9 FRAC     0.07
  2142     3.981      3.554      0.000      3.423      1.601      8.105     13.260   2187.350   3345.363   1312.050    802.702    875.300   1158.013    782.188     93.112  TILE  9  PFT  9 FRAC     0.07
  2143     4.279      3.706      0.000      3.554      1.596      8.655     13.956   2106.560   3228.226   1178.465    771.571    928.095   1121.666    831.946     96.149  TILE  9  PFT  9 FRAC     0.06
  2144     3.631      3.544      0.000      3.430      1.703      8.343     13.590   2143.801   3287.561   1294.096    867.720    849.705   1143.761    763.049     86.656  TILE  9  PFT  9 FRAC     0.07
  2145     4.050      3.859      0.000      3.720      1.796     10.151     15.807   1624.588   2655.329    641.400    219.606    983.188   1030.741    877.506    105.682  TILE  9  PFT  9 FRAC     0.06
  2146     4.206      3.891      0.000      3.754      1.799     10.146     15.837   2175.843   3348.765   1210.200    790.356    965.643   1172.922    856.319    109.324  TILE  9  PFT  9 FRAC     0.06
  2147     3.943      3.776      0.000      3.660      1.799     10.404     15.979   1736.227   2838.673    738.154    275.751    998.073   1102.447    880.692    117.381  TILE  9  PFT  9 FRAC     0.05
  2148     4.168      3.934      0.000      3.798      1.786     11.212     16.933   1745.897   2831.396    711.998    247.688   1033.899   1085.499    908.437    125.462  TILE  9  PFT  9 FRAC     0.04
  2149     4.093      3.655      0.000      3.519      1.672     10.063     15.391   2047.593   3187.920   1087.441    663.879    960.153   1140.327    840.883    119.270  TILE  9  PFT  9 FRAC     0.05
  2150     4.277      3.710      0.000      3.557      1.610      9.737     15.057   2042.464   3162.647   1092.869    621.620    949.594   1120.183    836.428    113.166  TILE  9  PFT  9 FRAC     0.04
  2151     3.940      3.083      0.000      2.938      1.332      7.046     11.462   2498.539   3670.906   1660.926   1266.032    837.612   1172.368    743.057     94.555  TILE  9  PFT  9 FRAC     0.06
  2152     3.987      3.077      0.000      2.946      1.384      6.089     10.550   2614.686   3762.820   1903.360   1549.131    711.326   1148.135    644.802     66.524  TILE  9  PFT  9 FRAC     0.07
  2153     4.029      3.195      0.000      3.058      1.399      6.194     10.789   2293.079   3382.905   1509.010   1147.587    784.069   1089.825    712.680     71.389  TILE  9  PFT  9 FRAC     0.08
  2154     4.084      3.362      0.000      3.219      1.488      6.610     11.459   2313.180   3418.928   1514.642   1189.096    798.538   1105.748    725.814     72.724  TILE  9  PFT  9 FRAC     0.09
  2155     4.295      3.715      0.000      3.559      1.587      7.398     12.700   2561.272   3756.082   1672.614   1330.346    888.657   1194.810    807.267     81.391  TILE  9  PFT  9 FRAC     0.09
  2156     4.495      4.221      0.000      4.063      1.870      8.936     15.028   2535.598   3776.490   1574.980   1198.364    960.618   1240.892    872.150     88.468  TILE  9  PFT  9 FRAC     0.08
  2157     4.461      4.485      0.000      4.326      2.071     10.891     17.447   2244.463   3479.936   1138.835    755.086   1105.628   1235.474    996.782    108.846  TILE  9  PFT  9 FRAC     0.06
  2158     3.519      4.215      0.000      4.118      2.202     11.375     17.792   1826.764   3030.409    784.691    269.305   1042.073   1203.645    927.116    114.957  TILE  9  PFT  9 FRAC     0.06
  2159     4.271      4.493      0.000      4.344      2.138     13.672     20.303   1796.846   2951.869    530.205     90.863   1266.641   1155.024   1114.926    151.715  TILE  9  PFT  9 FRAC     0.05
  2160     3.122      3.719      0.000      3.624      1.904     11.636     17.259   1815.310   3004.981    759.200    213.385   1056.110   1189.671    925.550    130.561  TILE  9  PFT  9 FRAC     0.05
  2161     4.045      3.619      0.000      3.482      1.628     10.764     16.010   1838.992   2941.766    788.955    263.423   1050.037   1102.775    912.211    137.826  TILE  9  PFT  9 FRAC     0.05
  2162     4.188      3.522      0.000      3.378      1.554      9.148     14.224   2424.638   3600.342   1542.452   1135.000    882.186   1175.704    773.634    108.552  TILE  9  PFT  9 FRAC     0.05
  2163     4.124      3.626      0.000      3.483      1.623      8.827     14.076   2175.321   3315.524   1321.980    871.350    853.341   1140.203    759.827     93.514  TILE  9  PFT  9 FRAC     0.05
  2164     4.205      3.527      0.000      3.372      1.540      7.924     12.992   2488.153   3679.281   1634.296   1227.462    853.857   1191.128    765.764     88.093  TILE  9  PFT  9 FRAC     0.06
  2165     4.120      3.610      0.000      3.476      1.644      7.934     13.188   2319.110   3475.605   1462.048   1053.927    857.062   1156.495    771.114     85.947  TILE  9  PFT  9 FRAC     0.06
  2166     4.070      3.529      0.000      3.394      1.628      7.927     13.084   2156.130   3289.143   1289.429    884.960    866.702   1133.013    783.268     83.434  TILE  9  PFT  9 FRAC     0.06
  2167     4.287      3.764      0.000      3.617      1.688      8.581     14.033   2234.720   3386.156   1308.016    914.803    926.704   1151.435    831.767     94.937  TILE  9  PFT  9 FRAC     0.06
  2168     4.444      3.850      0.000      3.691      1.669      8.482     14.001   2651.908   3895.161   1717.181   1354.559    934.727   1243.253    840.694     94.032  TILE  9  PFT  9 FRAC     0.07
  2169     4.307      4.007      0.000      3.859      1.823      8.791     14.621   2669.552   3932.383   1740.835   1377.547    928.717   1262.830    837.953     90.764  TILE  9  PFT  9 FRAC     0.07
  2170     4.342      4.184      0.000      4.032      1.876      9.757     15.817   2193.271   3405.580   1162.293    704.280   1030.978   1212.309    924.511    106.467  TILE  9  PFT  9 FRAC     0.06
  2171     4.395      4.241      0.000      4.080      1.874     10.267     16.382   2425.716   3701.700   1368.627    929.898   1057.089   1275.983    949.735    107.354  TILE  9  PFT  9 FRAC     0.06
  2172     4.362      4.200      0.000      4.052      1.890     10.274     16.364   2533.613   3822.912   1491.987   1088.790   1041.626   1289.299    931.415    110.211  TILE  9  PFT  9 FRAC     0.06
  2173     4.341      4.433      0.000      4.279      2.038     12.029     18.500   2031.669   3238.689    899.074    488.765   1132.594   1207.020   1008.763    123.831  TILE  9  PFT  9 FRAC     0.05
  2174     4.204      4.257      0.000      4.113      1.958     11.861     18.076   2100.548   3336.341    999.026    491.825   1101.522   1235.792    972.741    128.782  TILE  9  PFT  9 FRAC     0.05
  2175     4.201      4.201      0.000      4.056      1.899     11.880     17.980   2069.237   3289.965    957.683    469.169   1111.554   1220.729    977.314    134.239  TILE  9  PFT  9 FRAC     0.05
  2176     4.381      4.007      0.000      3.847      1.769     10.958     16.735   2486.941   3742.066   1427.158   1071.525   1059.783   1255.125    932.972    126.811  TILE  9  PFT  9 FRAC     0.05
  2177     4.385      3.935      0.000      3.777      1.731     10.270     15.937   2570.066   3815.570   1562.402   1211.594   1007.665   1245.503    892.321    115.343  TILE  9  PFT  9 FRAC     0.05
  2178     4.395      4.034      0.000      3.880      1.797     10.225     16.057   2571.781   3823.373   1568.687   1205.360   1003.094   1251.592    892.483    110.611  TILE  9  PFT  9 FRAC     0.05
  2179     3.958      3.608      0.000      3.477      1.657      9.039     14.305   2244.735   3445.394   1281.428    834.119    963.307   1200.659    858.823    104.484  TILE  9  PFT  9 FRAC     0.06
  2180     3.944      3.473      0.000      3.337      1.551      8.695     13.719   2025.419   3141.338   1072.514    654.663    952.905   1115.919    847.743    105.162  TILE  9  PFT  9 FRAC     0.06
  2181     4.017      3.457      0.000      3.323      1.582      8.361     13.400   2345.272   3497.206   1461.715   1120.876    883.558   1151.933    790.181     93.377  TILE  9  PFT  9 FRAC     0.07
  2182     3.981      3.553      0.000      3.422      1.600      8.096     13.249   2187.622   3345.651   1312.440    803.171    875.182   1158.028    782.169     93.014  TILE  9  PFT  9 FRAC     0.07
  2183     4.280      3.707      0.000      3.555      1.596      8.650     13.952   2108.228   3230.088   1180.410    773.776    927.818   1121.860    831.766     96.052  TILE  9  PFT  9 FRAC     0.06
  2184     3.633      3.548      0.000      3.434      1.705      8.348     13.601   2145.233   3289.483   1295.259    869.026    849.975   1144.250    763.326     86.649  TILE  9  PFT  9 FRAC     0.07
  2185     4.049      3.861      0.000      3.722      1.797     10.156     15.814   1625.077   2656.449    640.916    218.765    984.161   1031.372    878.411    105.750  TILE  9  PFT  9 FRAC     0.06
  2186     4.206      3.894      0.000      3.757      1.801     10.158     15.853   2175.260   3348.479   1208.883    788.812    966.378   1173.219    856.971    109.406  TILE  9  PFT  9 FRAC     0.06
  2187     3.939      3.780      0.000      3.664      1.800     10.430     16.010   1728.613   2830.305    728.931    265.159    999.682   1101.692    881.993    117.689  TILE  9  PFT  9 FRAC     0.05
  2188     4.166      3.933      0.000      3.796      1.785     11.222     16.940   1744.731   2830.423    709.907    245.064   1034.824   1085.692    909.074    125.750  TILE  9  PFT  9 FRAC     0.04
  2189     4.089      3.660      0.000      3.524      1.679     10.096     15.434   2041.570   3180.912   1083.588    660.102    957.982   1139.343    838.697    119.285  TILE  9  PFT  9 FRAC     0.05
  2190     4.279      3.718      0.000      3.564      1.615      9.786     15.119   2039.178   3159.549   1086.677    614.224    952.501   1120.372    838.886    113.615  TILE  9  PFT  9 FRAC     0.04
  2191     3.938      3.076      0.000      2.931      1.329      7.044     11.449   2497.619   3669.874   1659.479   1264.155    838.140   1172.255    743.333     94.807  TILE  9  PFT  9 FRAC     0.06
  2192     3.985      3.068      0.000      2.937      1.380      6.072     10.519   2612.537   3759.381   1902.620   1548.089    709.918   1146.844    643.427     66.490  TILE  9  PFT  9 FRAC     0.07
  2193     4.029      3.194      0.000      3.056      1.398      6.187     10.778   2295.011   3384.610   1511.944   1150.983    783.067   1089.599    711.813     71.254  TILE  9  PFT  9 FRAC     0.08
  2194     4.082      3.350      0.000      3.207      1.483      6.579     11.412   2313.502   3418.693   1516.175   1190.891    797.327   1105.191    724.769     72.558  TILE  9  PFT  9 FRAC     0.09
  2195     4.282      3.696      0.000      3.541      1.577      7.342     12.615   2560.994   3753.687   1675.610   1334.202    885.384   1192.693    804.401     80.983  TILE  9  PFT  9 FRAC     0.09
  2196     4.498      4.213      0.000      4.054      1.865      8.887     14.965   2540.240   3779.673   1583.887   1209.323    956.354   1239.433    868.487     87.867  TILE  9  PFT  9 FRAC     0.08
  2197     4.463      4.484      0.000      4.325      2.070     10.855     17.409   2248.925   3484.326   1145.404    762.538   1103.521   1235.401    995.202    108.319  TILE  9  PFT  9 FRAC     0.06
  2198     3.522      4.219      0.000      4.121      2.204     11.356     17.779   1831.545   3035.986    789.995    275.243   1041.550   1204.442    926.983    114.566  TILE  9  PFT  9 FRAC     0.06
  2199     4.271      4.498      0.000      4.349      2.141     13.669     20.308   1797.167   2952.862    529.392     89.643   1267.775   1155.695   1116.183    151.593  TILE  9  PFT  9 FRAC     0.05
  2200     3.129      3.727      0.000      3.632      1.908     11.659     17.294   1814.260   3004.871    755.842    209.467   1058.418   1190.611    927.646    130.772  TILE  9  PFT  9 FRAC     0.05
  2201     4.047      3.633      0.000      3.496      1.635     10.818     16.085   1838.317   2942.490    785.591    258.979   1052.726   1104.173    914.522    138.204  TILE  9  PFT  9 FRAC     0.05
  2202     4.190      3.533      0.000      3.390      1.560      9.207     14.300   2422.110   3599.361   1535.913   1127.142    886.197   1177.251    776.977    109.220  TILE  9  PFT  9 FRAC     0.05
  2203     4.123      3.632      0.000      3.489      1.627      8.878     14.138   2170.876   3311.974   1314.225    862.138    856.651   1141.098    762.510     94.141  TILE  9  PFT  9 FRAC     0.05
  2204     4.204      3.528      0.000      3.373      1.541      7.956     13.026   2483.702   3674.881   1628.155   1220.124    855.547   1191.179    766.973     88.574  TILE  9  PFT  9 FRAC     0.06
  2205     4.119      3.606      0.000      3.472      1.642      7.945     13.193   2318.346   3474.594   1461.155   1052.946    857.191   1156.248    770.997     86.194  TILE  9  PFT  9 FRAC     0.06
  2206     4.076      3.532      0.000      3.396      1.629      7.940     13.101   2157.403   3290.245   1291.485    887.229    865.918   1132.842    782.438     83.481  TILE  9  PFT  9 FRAC     0.06
  2207     4.286      3.762      0.000      3.616      1.687      8.586     14.035   2233.644   3385.028   1306.599    913.102    927.045   1151.384    831.998     95.047  TILE  9  PFT  9 FRAC     0.06
  2208     4.444      3.847      0.000      3.688      1.668      8.477     13.992   2651.871   3894.656   1717.915   1355.487    933.956   1242.785    839.962     93.993  TILE  9  PFT  9 FRAC     0.07
  2209     4.307      4.005      0.000      3.857      1.822      8.783     14.610   2672.156   3934.735   1744.353   1382.072    927.803   1262.579    837.181     90.622  TILE  9  PFT  9 FRAC     0.07
  2210     4.342      4.182      0.000      4.030      1.875      9.750     15.807   2193.906   3406.043   1163.454    705.557   1030.452   1212.137    924.081    106.371  TILE  9  PFT  9 FRAC     0.06
  2211     4.395      4.241      0.000      4.080      1.874     10.262     16.377   2426.293   3702.191   1369.587    930.896   1056.706   1275.898    949.433    107.273  TILE  9  PFT  9 FRAC     0.06
  2212     4.362      4.200      0.000      4.051      1.890     10.269     16.359   2533.452   3822.630   1492.160   1088.970   1041.293   1289.178    931.148    110.145  TILE  9  PFT  9 FRAC     0.06
  2213     4.342      4.434      0.000      4.280      2.038     12.030     18.502   2031.263   3238.207    898.542    488.071   1132.720   1206.945   1008.902    123.818  TILE  9  PFT  9 FRAC     0.05
  2214     4.204      4.258      0.000      4.115      1.958     11.866     18.083   2100.168   3336.017    998.277    490.928   1101.891   1235.849    973.070    128.821  TILE  9  PFT  9 FRAC     0.05
  2215     4.205      4.209      0.000      4.064      1.904     11.911     18.024   2069.129   3290.254    956.764    468.154   1112.366   1221.125    977.995    134.370  TILE  9  PFT  9 FRAC     0.05
  2216     4.381      4.014      0.000      3.854      1.773     10.994     16.782   2485.723   3741.814   1423.550   1067.273   1062.174   1256.090    935.029    127.145  TILE  9  PFT  9 FRAC     0.05
  2217     4.384      3.938      0.000      3.779      1.732     10.292     15.962   2572.438   3819.054   1563.203   1212.563   1009.235   1246.616    893.632    115.603  TILE  9  PFT  9 FRAC     0.05
  2218     4.394      4.035      0.000      3.880      1.797     10.238     16.070   2569.603   3821.225   1565.763   1201.758   1003.840   1251.623    893.001    110.839  TILE  9  PFT  9 FRAC     0.05
  2219     3.959      3.611      0.000      3.480      1.658      9.055     14.324   2244.955   3446.049   1281.287    833.892    963.667   1201.094    859.042    104.625  TILE  9  PFT  9 FRAC     0.06
  2220     3.944      3.478      0.000      3.341      1.553      8.720     13.751   2021.677   3137.472   1067.593    649.396    954.085   1115.795    848.697    105.388  TILE  9  PFT  9 FRAC     0.06
  2221     4.016      3.457      0.000      3.323      1.583      8.373     13.413   2343.615   3495.705   1459.363   1118.190    884.252   1152.090    790.678     93.574  TILE  9  PFT  9 FRAC     0.07
  2222     3.980      3.552      0.000      3.420      1.599      8.103     13.254   2184.606   3342.171   1308.920    799.184    875.686   1157.565    782.475     93.210  TILE  9  PFT  9 FRAC     0.07
  2223     4.279      3.703      0.000      3.551      1.594      8.644     13.941   2109.778   3231.570   1182.781    776.478    926.997   1121.793    830.968     96.029  TILE  9  PFT  9 FRAC     0.06
  2224     3.631      3.543      0.000      3.429      1.703      8.334     13.580   2146.316   3290.114   1297.294    871.415    849.022   1143.798    762.518     86.504  TILE  9  PFT  9 FRAC     0.07
  2225     4.050      3.860      0.000      3.721      1.796     10.143     15.799   1624.868   2655.601    642.190    220.032    982.678   1030.732    877.084    105.593  TILE  9  PFT  9 FRAC     0.06
  2226     4.205      3.889      0.000      3.752      1.798     10.141     15.828   2170.879   3342.917   1204.767    784.460    966.113   1172.037    856.735    109.378  TILE  9  PFT  9 FRAC     0.06
  2227     3.945      3.776      0.000      3.660      1.799     10.392     15.967   1742.659   2846.168    745.590    283.460    997.069   1103.509    879.882    117.187  TILE  9  PFT  9 FRAC     0.05
  2228     4.165      3.934      0.000      3.797      1.786     11.207     16.927   1743.491   2828.808    709.529    244.994   1033.962   1085.317    908.604    125.357  TILE  9  PFT  9 FRAC     0.04
  2229     4.088      3.659      0.000      3.523      1.678     10.081     15.418   2041.567   3181.129   1083.041    659.135    958.525   1139.562    839.311    119.215  TILE  9  PFT  9 FRAC     0.05
  2230     4.279      3.719      0.000      3.566      1.616      9.783     15.118   2037.969   3158.095   1085.565    613.139    952.404   1120.126    838.862    113.542  TILE  9  PFT  9 FRAC     0.04
  2231     3.938      3.078      0.000      2.932      1.330      7.045     11.452   2496.150   3668.310   1657.764   1262.029    838.386   1172.160    743.589     94.797  TILE  9  PFT  9 FRAC     0.06
  2232     3.986      3.070      0.000      2.939      1.381      6.075     10.526   2613.436   3760.507   1903.601   1549.340    709.835   1147.071    643.372     66.463  TILE  9  PFT  9 FRAC     0.07
  2233     4.032      3.197      0.000      3.060      1.400      6.198     10.795   2292.500   3381.746   1509.060   1147.997    783.440   1089.246    712.128     71.312  TILE  9  PFT  9 FRAC     0.08
  2234     4.083      3.360      0.000      3.217      1.487      6.606     11.453   2312.745   3418.433   1514.266   1188.680    798.478   1105.688    725.759     72.719  TILE  9  PFT  9 FRAC     0.09
  2235     4.295      3.713      0.000      3.558      1.586      7.393     12.693   2559.993   3754.285   1671.803   1329.581    888.191   1194.291    806.839     81.352  TILE  9  PFT  9 FRAC     0.09
  2236     4.495      4.220      0.000      4.062      1.870      8.931     15.022   2536.292   3776.809   1576.526   1200.088    959.767   1240.516    871.418     88.349  TILE  9  PFT  9 FRAC     0.08
  2237     4.461      4.485      0.000      4.326      2.071     10.889     17.445   2244.740   3480.118   1138.923    755.253   1105.817   1235.378    997.024    108.793  TILE  9  PFT  9 FRAC     0.06
  2238     3.520      4.224      0.000      4.126      2.207     11.398     17.828   1826.888   3030.789    784.653    269.163   1042.235   1203.902    927.262    114.973  TILE  9  PFT  9 FRAC     0.06
  2239     4.270      4.498      0.000      4.349      2.140     13.693     20.331   1797.184   2953.486    528.403     88.099   1268.781   1156.302   1116.858    151.923  TILE  9  PFT  9 FRAC     0.05
  2240     3.127      3.721      0.000      3.626      1.905     11.645     17.271   1817.644   3008.158    760.809    215.129   1056.835   1190.515    926.135    130.700  TILE  9  PFT  9 FRAC     0.05
  2241     4.045      3.619      0.000      3.482      1.628     10.770     16.017   1838.504   2941.560    787.655    261.562   1050.849   1103.056    912.822    138.027  TILE  9  PFT  9 FRAC     0.05
  2242     4.189      3.523      0.000      3.379      1.554      9.153     14.230   2425.469   3601.344   1543.296   1135.933    882.173   1175.875    773.609    108.564  TILE  9  PFT  9 FRAC     0.05
  2243     4.125      3.627      0.000      3.483      1.624      8.836     14.087   2174.241   3314.250   1320.387    870.858    853.853   1140.009    760.244     93.609  TILE  9  PFT  9 FRAC     0.05
  2244     4.211      3.537      0.000      3.382      1.545      7.953     13.035   2488.078   3679.653   1633.519   1226.376    854.559   1191.575    766.320     88.240  TILE  9  PFT  9 FRAC     0.06
  2245     4.121      3.614      0.000      3.480      1.646      7.958     13.218   2317.500   3474.931   1458.097   1049.215    859.403   1157.431    773.134     86.269  TILE  9  PFT  9 FRAC     0.06
  2246     4.076      3.540      0.000      3.404      1.634      7.964     13.137   2155.385   3289.134   1287.552    882.361    867.833   1133.749    784.164     83.670  TILE  9  PFT  9 FRAC     0.06
  2247     4.285      3.765      0.000      3.619      1.689      8.608     14.062   2227.982   3379.328   1298.667    904.220    929.314   1151.346    833.912     95.403  TILE  9  PFT  9 FRAC     0.06
  2248     4.443      3.845      0.000      3.686      1.667      8.482     13.993   2650.245   3892.954   1716.044   1353.136    934.201   1242.710    840.028     94.173  TILE  9  PFT  9 FRAC     0.07
  2249     4.306      4.002      0.000      3.854      1.821      8.780     14.602   2671.685   3934.026   1744.769   1382.789    926.916   1262.341    836.311     90.606  TILE  9  PFT  9 FRAC     0.07
  2250     4.342      4.178      0.000      4.026      1.872      9.737     15.787   2194.611   3406.366   1164.972    707.131   1029.639   1211.754    923.357    106.283  TILE  9  PFT  9 FRAC     0.06
  2251     4.395      4.235      0.000      4.074      1.871     10.236     16.342   2429.358   3704.907   1374.637    936.741   1054.721   1275.548    947.715    107.006  TILE  9  PFT  9 FRAC     0.06
  2252     4.362      4.197      0.000      4.048      1.888     10.245     16.330   2535.547   3824.396   1495.735   1093.255   1039.813   1288.848    929.958    109.854  TILE  9  PFT  9 FRAC     0.06
  2253     4.342      4.432      0.000      4.278      2.037     12.011     18.480   2030.771   3237.226    898.948    488.843   1131.823   1206.456   1008.219    123.604  TILE  9  PFT  9 FRAC     0.05
  2254     4.205      4.257      0.000      4.113      1.958     11.847     18.062   2102.596   3338.541   1001.587    494.839   1101.008   1235.945    972.399    128.610  TILE  9  PFT  9 FRAC     0.05
  2255     4.203      4.202      0.000      4.057      1.900     11.872     17.975   2072.372   3293.548    961.331    473.142   1111.040   1221.176    977.125    133.915  TILE  9  PFT  9 FRAC     0.05
  2256     4.382      4.011      0.000      3.851      1.771     10.964     16.746   2487.551   3743.327   1426.882   1070.824   1060.668   1255.776    933.878    126.791  TILE  9  PFT  9 FRAC     0.05
  2257     4.385      3.937      0.000      3.779      1.732     10.273     15.943   2572.788   3819.159   1564.471   1214.006   1008.316   1246.371    892.972    115.345  TILE  9  PFT  9 FRAC     0.05
  2258     4.394      4.036      0.000      3.881      1.798     10.229     16.062   2569.771   3821.399   1566.089   1202.123   1003.682   1251.628    892.998    110.684  TILE  9  PFT  9 FRAC     0.05
  2259     3.959      3.611      0.000      3.480      1.658      9.048     14.318   2244.695   3445.620   1281.277    833.912    963.417   1200.926    858.900    104.517  TILE  9  PFT  9 FRAC     0.06
  2260     3.944      3.478      0.000      3.341      1.553      8.716     13.747   2021.229   3136.989   1067.095    648.868    954.134   1115.761    848.749    105.384  TILE  9  PFT  9 FRAC     0.06
  2261     4.017      3.458      0.000      3.324      1.583      8.374     13.415   2343.530   3495.638   1459.206   1118.152    884.324   1152.108    790.787     93.538  TILE  9  PFT  9 FRAC     0.07
  2262     3.980      3.550      0.000      3.419      1.599      8.099     13.249   2184.417   3342.036   1308.638    798.837    875.778   1157.619    782.577     93.201  TILE  9  PFT  9 FRAC     0.07
  2263     4.280      3.703      0.000      3.551      1.594      8.640     13.937   2110.693   3232.494   1183.956    777.741    926.737   1121.801    830.750     95.987  TILE  9  PFT  9 FRAC     0.06
  2264     3.631      3.542      0.000      3.428      1.702      8.331     13.575   2145.516   3289.095   1296.358    870.378    849.158   1143.579    762.632     86.525  TILE  9  PFT  9 FRAC     0.07
  2265     4.048      3.854      0.000      3.715      1.794     10.127     15.775   1624.969   2655.346    642.722    221.214    982.247   1030.377    876.703    105.544  TILE  9  PFT  9 FRAC     0.06
  2266     4.207      3.886      0.000      3.748      1.797     10.116     15.798   2178.103   3350.690   1214.044    794.886    964.059   1172.587    855.070    108.989  TILE  9  PFT  9 FRAC     0.06
  2267     3.947      3.774      0.000      3.658      1.798     10.367     15.939   1745.877   2849.330    750.378    288.751    995.499   1103.453    878.694    116.805  TILE  9  PFT  9 FRAC     0.05
  2268     4.167      3.935      0.000      3.799      1.788     11.197     16.920   1744.541   2829.839    711.093    247.057   1033.448   1085.298    908.327    125.121  TILE  9  PFT  9 FRAC     0.04
  2269     4.089      3.666      0.000      3.530      1.682     10.100     15.448   2040.011   3179.838   1080.402    656.278    959.609   1139.827    840.347    119.263  TILE  9  PFT  9 FRAC     0.05
  2270     4.279      3.726      0.000      3.573      1.619      9.812     15.158   2036.656   3157.759   1081.927    608.727    954.729   1121.104    840.926    113.803  TILE  9  PFT  9 FRAC     0.04
  2271     3.938      3.081      0.000      2.935      1.331      7.066     11.478   2494.394   3667.205   1654.131   1257.709    840.263   1172.811    745.134     95.129  TILE  9  PFT  9 FRAC     0.06
  2272     3.986      3.071      0.000      2.940      1.382      6.086     10.539   2616.216   3764.054   1905.643   1551.885    710.573   1147.838    643.966     66.608  TILE  9  PFT  9 FRAC     0.07
  2273     4.032      3.205      0.000      3.068      1.405      6.224     10.834   2296.033   3387.060   1510.468   1149.045    785.566   1091.027    714.015     71.551  TILE  9  PFT  9 FRAC     0.08
  2274     4.079      3.354      0.000      3.211      1.485      6.606     11.445   2309.802   3415.475   1510.030   1183.810    799.772   1105.672    726.820     72.953  TILE  9  PFT  9 FRAC     0.09
  2275     4.294      3.706      0.000      3.551      1.582      7.379     12.668   2561.179   3754.645   1674.572   1332.794    886.607   1193.466    805.334     81.272  TILE  9  PFT  9 FRAC     0.09
  2276     4.495      4.214      0.000      4.056      1.867      8.909     14.991   2538.070   3777.885   1580.300   1204.635    957.770   1239.815    869.627     88.143  TILE  9  PFT  9 FRAC     0.08
  2277     4.461      4.480      0.000      4.320      2.067     10.858     17.405   2247.160   3482.071   1143.435    760.426   1103.725   1234.911    995.237    108.488  TILE  9  PFT  9 FRAC     0.06
  2278     3.523      4.217      0.000      4.120      2.202     11.358     17.778   1830.096   3033.639    789.573    274.822   1040.523   1203.543    925.892    114.631  TILE  9  PFT  9 FRAC     0.06
  2279     4.270      4.494      0.000      4.345      2.138     13.658     20.291   1796.603   2952.068    530.046     90.636   1266.557   1155.464   1115.093    151.464  TILE  9  PFT  9 FRAC     0.05
  2280     3.126      3.720      0.000      3.625      1.905     11.628     17.253   1817.598   3007.695    761.699    216.202   1055.899   1190.096    925.484    130.415  TILE  9  PFT  9 FRAC     0.05
  2281     4.046      3.621      0.000      3.485      1.629     10.767     16.017   1838.429   2941.534    787.677    261.553   1050.752   1103.105    912.860    137.892  TILE  9  PFT  9 FRAC     0.05
  2282     4.190      3.525      0.000      3.381      1.555      9.156     14.236   2424.803   3600.917   1541.821   1134.265    882.982   1176.114    774.344    108.638  TILE  9  PFT  9 FRAC     0.05
  2283     4.125      3.629      0.000      3.485      1.625      8.842     14.095   2174.860   3315.314   1320.558    870.931    854.302   1140.454    760.652     93.650  TILE  9  PFT  9 FRAC     0.05
  2284     4.205      3.530      0.000      3.375      1.543      7.939     13.012   2488.050   3679.511   1633.547   1226.310    854.502   1191.461    766.272     88.231  TILE  9  PFT  9 FRAC     0.06
  2285     4.121      3.612      0.000      3.478      1.645      7.950     13.207   2318.330   3475.086   1460.064   1051.675    858.266   1156.756    772.138     86.129  TILE  9  PFT  9 FRAC     0.06
  2286     4.077      3.540      0.000      3.405      1.634      7.960     13.134   2156.800   3290.587   1289.404    884.462    867.395   1133.787    783.816     83.580  TILE  9  PFT  9 FRAC     0.06
  2287     4.286      3.769      0.000      3.622      1.691      8.615     14.075   2228.819   3380.524   1299.013    904.616    929.805   1151.705    834.406     95.400  TILE  9  PFT  9 FRAC     0.06
  2288     4.443      3.849      0.000      3.690      1.669      8.496     14.014   2650.849   3894.212   1715.488   1352.482    935.361   1243.363    841.095     94.266  TILE  9  PFT  9 FRAC     0.07
  2289     4.307      4.005      0.000      3.857      1.822      8.796     14.622   2671.553   3934.496   1742.825   1380.505    928.728   1262.943    837.910     90.818  TILE  9  PFT  9 FRAC     0.07
  2290     4.342      4.181      0.000      4.029      1.874      9.754     15.809   2194.273   3406.459   1163.925    705.916   1030.348   1212.186    923.897    106.451  TILE  9  PFT  9 FRAC     0.06
  2291     4.395      4.237      0.000      4.076      1.872     10.250     16.358   2428.550   3704.353   1372.823    934.644   1055.727   1275.802    948.524    107.204  TILE  9  PFT  9 FRAC     0.06
  2292     4.362      4.198      0.000      4.049      1.888     10.258     16.344   2535.293   3824.340   1494.963   1092.348   1040.330   1289.048    930.343    109.987  TILE  9  PFT  9 FRAC     0.06
  2293     4.342      4.433      0.000      4.279      2.038     12.023     18.494   2030.196   3236.730    897.924    487.697   1132.272   1206.534   1008.528    123.744  TILE  9  PFT  9 FRAC     0.05
  2294     4.205      4.257      0.000      4.113      1.958     11.854     18.069   2102.172   3338.134   1000.821    493.973   1101.352   1235.962    972.615    128.737  TILE  9  PFT  9 FRAC     0.05
  2295     4.202      4.201      0.000      4.056      1.900     11.874     17.974   2072.110   3293.149    960.983    472.999   1111.127   1221.039    977.124    134.002  TILE  9  PFT  9 FRAC     0.05
  2296     4.381      4.008      0.000      3.849      1.770     10.957     16.735   2488.035   3743.408   1428.087   1072.415   1059.948   1255.373    933.220    126.729  TILE  9  PFT  9 FRAC     0.05
  2297     4.384      3.936      0.000      3.778      1.731     10.270     15.937   2570.386   3816.127   1562.441   1211.657   1007.946   1245.741    892.598    115.348  TILE  9  PFT  9 FRAC     0.05
  2298     4.394      4.033      0.000      3.878      1.796     10.216     16.045   2571.692   3823.248   1568.657   1205.309   1003.035   1251.555    892.455    110.580  TILE  9  PFT  9 FRAC     0.05
  2299     3.959      3.609      0.000      3.478      1.658      9.035     14.302   2247.257   3447.984   1285.136    838.612    962.121   1200.727    857.806    104.315  TILE  9  PFT  9 FRAC     0.06
  2300     3.946      3.479      0.000      3.343      1.554      8.708     13.741   2026.605   3143.146   1073.193    655.373    953.413   1116.541    848.250    105.162  TILE  9  PFT  9 FRAC     0.06
