  1901     0.000      0.000      0.000      0.000      0.000      0.000      0.000      0.000      0.000      0.000      0.000      0.000      0.000      0.000      0.000  TILE 10  PFT 10 FRAC     0.57
  1902     0.000      0.000      0.000      0.000      0.000      0.000      0.000      0.000      0.000      0.000      0.000      0.000      0.000      0.000      0.000  TILE 10  PFT 10 FRAC     0.42
  1903     0.000      0.000      0.000      0.000      0.007      0.004      0.011      0.000      0.000      0.000      0.000      0.445      0.000      0.417      0.029  TILE 10  PFT 10 FRAC     0.11
  1904     0.000      0.000      0.000      0.000      0.239      0.372      0.611      0.000      0.000      0.000      0.000     52.594      0.000     48.200      4.394  TILE 10  PFT 10 FRAC     0.09
  1905     0.000      0.000      0.000      0.000      0.660      1.879      2.540      0.000      0.000      0.000      0.000    275.472      0.000    239.283     36.189  TILE 10  PFT 10 FRAC     0.12
  1906     0.000      0.000      0.000      0.000      0.902      3.666      4.568      0.000      0.000      0.000      0.000    443.323      0.000    355.445     87.877  TILE 10  PFT 10 FRAC     0.13
  1907     0.000      0.000      0.000      0.000      0.861      4.842      5.703      0.000      0.000      0.000      0.000    495.295      0.000    360.555    134.740  TILE 10  PFT 10 FRAC     0.16
  1908     0.000      0.000      0.000      0.000      0.734      5.944      6.678      0.000      0.000      0.000      0.000    542.423      0.000    368.195    174.228  TILE 10  PFT 10 FRAC     0.16
  1909     0.000      0.000      0.000      0.000      0.604      6.111      6.714      0.000      0.000      0.000      0.000    477.378      0.000    286.796    190.582  TILE 10  PFT 10 FRAC     0.17
  1910     0.000      0.000      0.000      0.000      0.493      6.407      6.900      0.000      0.000      0.000      0.000    476.665      0.000    282.655    194.009  TILE 10  PFT 10 FRAC     0.18
  1911     0.000      0.000      0.000      0.000      0.441      6.157      6.598      0.000      0.000      0.000      0.000    434.892      0.000    230.995    203.897  TILE 10  PFT 10 FRAC     0.19
  1912     0.000      0.000      0.000      0.000      0.456      6.062      6.518      0.000      0.000      0.000      0.000    408.700      0.000    212.531    196.169  TILE 10  PFT 10 FRAC     0.19
  1913     0.000      0.000      0.000      0.000      0.439      6.066      6.505      0.000      0.000      0.000      0.000    410.848      0.000    219.536    191.313  TILE 10  PFT 10 FRAC     0.19
  1914     0.000      0.000      0.000      0.000      0.416      5.941      6.357      0.000      0.000      0.000      0.000    409.802      0.000    217.527    192.275  TILE 10  PFT 10 FRAC     0.18
  1915     0.000      0.000      0.000      0.000      0.419      6.044      6.464      0.000      0.000      0.000      0.000    442.668      0.000    243.113    199.555  TILE 10  PFT 10 FRAC     0.16
  1916     0.000      0.000      0.000      0.000      0.484      6.348      6.833      0.000      0.000      0.000      0.000    464.198      0.000    265.237    198.961  TILE 10  PFT 10 FRAC     0.16
  1917     0.000      0.000      0.000      0.000      0.580      6.830      7.409      0.000      0.000      0.000      0.000    492.820      0.000    286.413    206.407  TILE 10  PFT 10 FRAC     0.15
  1918     0.000      0.000      0.000      0.000      0.644      6.901      7.544      0.000      0.000      0.000      0.000    490.337      0.000    265.839    224.499  TILE 10  PFT 10 FRAC     0.18
  1919     0.000      0.000      0.000      0.000      0.585      7.354      7.938      0.000      0.000      0.000      0.000    519.609      0.000    293.580    226.028  TILE 10  PFT 10 FRAC     0.16
  1920     0.000      0.000      0.000      0.000      0.580      7.248      7.827      0.000      0.000      0.000      0.000    472.937      0.000    238.818    234.119  TILE 10  PFT 10 FRAC     0.19
  1921     0.000      0.000      0.000      0.000      0.479      7.319      7.798      0.000      0.000      0.000      0.000    507.815      0.000    265.950    241.865  TILE 10  PFT 10 FRAC     0.19
  1922     0.000      0.000      0.000      0.000      0.402      7.061      7.463      0.000      0.000      0.000      0.000    455.447      0.000    218.171    237.277  TILE 10  PFT 10 FRAC     0.16
  1923     0.000      0.000      0.000      0.000      0.380      6.603      6.983      0.000      0.000      0.000      0.000    420.036      0.000    195.459    224.577  TILE 10  PFT 10 FRAC     0.16
  1924     0.000      0.000      0.000      0.000      0.346      6.246      6.593      0.000      0.000      0.000      0.000    402.819      0.000    188.079    214.741  TILE 10  PFT 10 FRAC     0.14
  1925     0.000      0.000      0.000      0.000      0.376      5.863      6.238      0.000      0.000      0.000      0.000    352.902      0.000    162.789    190.112  TILE 10  PFT 10 FRAC     0.14
  1926     0.000      0.000      0.000      0.000      0.384      5.627      6.012      0.000      0.000      0.000      0.000    360.616      0.000    179.908    180.707  TILE 10  PFT 10 FRAC     0.14
  1927     0.000      0.000      0.000      0.000      0.399      5.482      5.880      0.000      0.000      0.000      0.000    353.551      0.000    178.776    174.775  TILE 10  PFT 10 FRAC     0.13
  1928     0.000      0.000      0.000      0.000      0.396      5.446      5.842      0.000      0.000      0.000      0.000    384.342      0.000    208.795    175.547  TILE 10  PFT 10 FRAC     0.12
  1929     0.000      0.000      0.000      0.000      0.445      5.449      5.894      0.000      0.000      0.000      0.000    393.999      0.000    217.305    176.693  TILE 10  PFT 10 FRAC     0.12
  1930     0.000      0.000      0.000      0.000      0.497      5.678      6.175      0.000      0.000      0.000      0.000    431.367      0.000    247.384    183.983  TILE 10  PFT 10 FRAC     0.12
  1931     0.000      0.000      0.000      0.000      0.502      6.050      6.551      0.000      0.000      0.000      0.000    467.801      0.000    274.021    193.780  TILE 10  PFT 10 FRAC     0.11
  1932     0.000      0.000      0.000      0.000      0.498      6.099      6.598      0.000      0.000      0.000      0.000    451.157      0.000    251.696    199.461  TILE 10  PFT 10 FRAC     0.11
  1933     0.000      0.000      0.000      0.000      0.461      6.274      6.734      0.000      0.000      0.000      0.000    456.154      0.000    258.696    197.458  TILE 10  PFT 10 FRAC     0.10
  1934     0.000      0.000      0.000      0.000      0.447      6.330      6.777      0.000      0.000      0.000      0.000    446.015      0.000    242.106    203.909  TILE 10  PFT 10 FRAC     0.11
  1935     0.000      0.000      0.000      0.000      0.408      6.067      6.474      0.000      0.000      0.000      0.000    424.096      0.000    219.993    204.103  TILE 10  PFT 10 FRAC     0.12
  1936     0.000      0.000      0.000      0.000      0.335      5.811      6.146      0.000      0.000      0.000      0.000    397.390      0.000    202.698    194.693  TILE 10  PFT 10 FRAC     0.10
  1937     0.000      0.000      0.000      0.000      0.343      5.658      6.001      0.000      0.000      0.000      0.000    375.428      0.000    190.894    184.535  TILE 10  PFT 10 FRAC     0.09
  1938     0.000      0.000      0.000      0.000      0.368      5.645      6.013      0.000      0.000      0.000      0.000    376.754      0.000    197.600    179.155  TILE 10  PFT 10 FRAC     0.09
  1939     0.000      0.000      0.000      0.000      0.431      5.572      6.002      0.000      0.000      0.000      0.000    366.725      0.000    188.937    177.787  TILE 10  PFT 10 FRAC     0.11
  1940     0.000      0.000      0.000      0.000      0.411      5.480      5.891      0.000      0.000      0.000      0.000    367.566      0.000    195.030    172.536  TILE 10  PFT 10 FRAC     0.11
  1941     0.000      0.000      0.000      0.000      0.382      5.323      5.706      0.000      0.000      0.000      0.000    358.061      0.000    187.530    170.531  TILE 10  PFT 10 FRAC     0.11
  1942     0.000      0.000      0.000      0.000      0.416      5.363      5.778      0.000      0.000      0.000      0.000    372.028      0.000    197.015    175.013  TILE 10  PFT 10 FRAC     0.12
  1943     0.000      0.000      0.000      0.000      0.360      5.290      5.650      0.000      0.000      0.000      0.000    377.443      0.000    208.475    168.968  TILE 10  PFT 10 FRAC     0.11
  1944     0.000      0.000      0.000      0.000      0.383      5.008      5.391      0.000      0.000      0.000      0.000    333.019      0.000    167.861    165.158  TILE 10  PFT 10 FRAC     0.12
  1945     0.000      0.000      0.000      0.000      0.351      4.894      5.245      0.000      0.000      0.000      0.000    347.058      0.000    188.270    158.788  TILE 10  PFT 10 FRAC     0.12
  1946     0.000      0.000      0.000      0.000      0.336      4.882      5.217      0.000      0.000      0.000      0.000    331.937      0.000    173.433    158.504  TILE 10  PFT 10 FRAC     0.11
  1947     0.000      0.000      0.000      0.000      0.359      4.772      5.132      0.000      0.000      0.000      0.000    309.727      0.000    155.978    153.749  TILE 10  PFT 10 FRAC     0.11
  1948     0.000      0.000      0.000      0.000      0.325      4.757      5.082      0.000      0.000      0.000      0.000    333.446      0.000    177.073    156.373  TILE 10  PFT 10 FRAC     0.10
  1949     0.000      0.000      0.000      0.000      0.312      4.592      4.904      0.000      0.000      0.000      0.000    298.163      0.000    147.720    150.444  TILE 10  PFT 10 FRAC     0.10
  1950     0.000      0.000      0.000      0.000      0.295      4.635      4.930      0.000      0.000      0.000      0.000    317.649      0.000    171.170    146.479  TILE 10  PFT 10 FRAC     0.09
  1951     0.000      0.000      0.000      0.000      0.303      4.423      4.726      0.000      0.000      0.000      0.000    306.216      0.000    156.851    149.365  TILE 10  PFT 10 FRAC     0.09
  1952     0.000      0.000      0.000      0.000      0.348      4.296      4.643      0.000      0.000      0.000      0.000    305.114      0.000    163.477    141.636  TILE 10  PFT 10 FRAC     0.09
  1953     0.000      0.000      0.000      0.000      0.351      4.256      4.607      0.000      0.000      0.000      0.000    316.552      0.000    180.017    136.535  TILE 10  PFT 10 FRAC     0.10
  1954     0.000      0.000      0.000      0.000      0.345      4.268      4.613      0.000      0.000      0.000      0.000    323.507      0.000    184.632    138.876  TILE 10  PFT 10 FRAC     0.09
  1955     0.000      0.000      0.000      0.000      0.356      4.420      4.776      0.000      0.000      0.000      0.000    356.921      0.000    210.037    146.884  TILE 10  PFT 10 FRAC     0.08
  1956     0.000      0.000      0.000      0.000      0.411      4.747      5.158      0.000      0.000      0.000      0.000    376.177      0.000    227.116    149.061  TILE 10  PFT 10 FRAC     0.08
  1957     0.000      0.000      0.000      0.000      0.443      5.075      5.517      0.000      0.000      0.000      0.000    394.577      0.000    238.417    156.159  TILE 10  PFT 10 FRAC     0.08
  1958     0.000      0.000      0.000      0.000      0.500      5.132      5.631      0.000      0.000      0.000      0.000    374.882      0.000    207.198    167.684  TILE 10  PFT 10 FRAC     0.10
  1959     0.000      0.000      0.000      0.000      0.417      5.210      5.627      0.000      0.000      0.000      0.000    390.685      0.000    225.374    165.311  TILE 10  PFT 10 FRAC     0.10
  1960     0.000      0.000      0.000      0.000      0.430      5.152      5.581      0.000      0.000      0.000      0.000    341.270      0.000    174.758    166.513  TILE 10  PFT 10 FRAC     0.12
  1961     0.000      0.000      0.000      0.000      0.347      5.104      5.451      0.000      0.000      0.000      0.000    370.274      0.000    198.673    171.601  TILE 10  PFT 10 FRAC     0.11
  1962     0.000      0.000      0.000      0.000      0.299      4.831      5.130      0.000      0.000      0.000      0.000    329.065      0.000    164.159    164.906  TILE 10  PFT 10 FRAC     0.10
  1963     0.000      0.000      0.000      0.000      0.304      4.540      4.843      0.000      0.000      0.000      0.000    309.660      0.000    155.287    154.373  TILE 10  PFT 10 FRAC     0.10
  1964     0.000      0.000      0.000      0.000      0.303      4.364      4.666      0.000      0.000      0.000      0.000    311.511      0.000    162.120    149.391  TILE 10  PFT 10 FRAC     0.09
  1965     0.000      0.000      0.000      0.000      0.344      4.199      4.542      0.000      0.000      0.000      0.000    284.173      0.000    149.318    134.854  TILE 10  PFT 10 FRAC     0.09
  1966     0.000      0.000      0.000      0.000      0.355      4.218      4.573      0.000      0.000      0.000      0.000    302.329      0.000    168.813    133.515  TILE 10  PFT 10 FRAC     0.10
  1967     0.000      0.000      0.000      0.000      0.368      4.230      4.598      0.000      0.000      0.000      0.000    301.448      0.000    167.354    134.094  TILE 10  PFT 10 FRAC     0.09
  1968     0.000      0.000      0.000      0.000      0.357      4.356      4.713      0.000      0.000      0.000      0.000    330.426      0.000    191.174    139.252  TILE 10  PFT 10 FRAC     0.08
  1969     0.000      0.000      0.000      0.000      0.396      4.447      4.843      0.000      0.000      0.000      0.000    338.694      0.000    195.021    143.674  TILE 10  PFT 10 FRAC     0.08
  1970     0.000      0.000      0.000      0.000      0.422      4.676      5.098      0.000      0.000      0.000      0.000    368.559      0.000    216.405    152.153  TILE 10  PFT 10 FRAC     0.08
  1971     0.000      0.000      0.000      0.000      0.402      4.917      5.319      0.000      0.000      0.000      0.000    392.402      0.000    232.670    159.732  TILE 10  PFT 10 FRAC     0.08
  1972     0.000      0.000      0.000      0.000      0.402      4.914      5.316      0.000      0.000      0.000      0.000    371.207      0.000    209.058    162.149  TILE 10  PFT 10 FRAC     0.08
  1973     0.000      0.000      0.000      0.000      0.377      4.965      5.341      0.000      0.000      0.000      0.000    374.319      0.000    216.606    157.713  TILE 10  PFT 10 FRAC     0.08
  1974     0.000      0.000      0.000      0.000      0.381      5.105      5.486      0.000      0.000      0.000      0.000    372.086      0.000    208.275    163.811  TILE 10  PFT 10 FRAC     0.09
  1975     0.000      0.000      0.000      0.000      0.365      4.998      5.363      0.000      0.000      0.000      0.000    362.603      0.000    195.812    166.791  TILE 10  PFT 10 FRAC     0.09
  1976     0.000      0.000      0.000      0.000      0.315      4.884      5.199      0.000      0.000      0.000      0.000    350.366      0.000    188.012    162.354  TILE 10  PFT 10 FRAC     0.08
  1977     0.000      0.000      0.000      0.000      0.333      4.860      5.193      0.000      0.000      0.000      0.000    340.370      0.000    183.320    157.050  TILE 10  PFT 10 FRAC     0.08
  1978     0.000      0.000      0.000      0.000      0.361      4.944      5.305      0.000      0.000      0.000      0.000    348.428      0.000    192.810    155.617  TILE 10  PFT 10 FRAC     0.08
  1979     0.000      0.000      0.000      0.000      0.420      5.002      5.422      0.000      0.000      0.000      0.000    343.764      0.000    185.430    158.334  TILE 10  PFT 10 FRAC     0.09
  1980     0.000      0.000      0.000      0.000      0.403      4.975      5.378      0.000      0.000      0.000      0.000    347.795      0.000    191.769    156.026  TILE 10  PFT 10 FRAC     0.10
  1981     0.000      0.000      0.000      0.000      0.373      4.889      5.262      0.000      0.000      0.000      0.000    339.408      0.000    183.455    155.954  TILE 10  PFT 10 FRAC     0.10
  1982     0.000      0.000      0.000      0.000      0.395      4.911      5.306      0.000      0.000      0.000      0.000    348.875      0.000    188.689    160.186  TILE 10  PFT 10 FRAC     0.11
  1983     0.000      0.000      0.000      0.000      0.335      4.890      5.225      0.000      0.000      0.000      0.000    351.892      0.000    195.837    156.055  TILE 10  PFT 10 FRAC     0.10
  1984     0.000      0.000      0.000      0.000      0.356      4.644      5.000      0.000      0.000      0.000      0.000    309.022      0.000    155.826    153.196  TILE 10  PFT 10 FRAC     0.11
  1985     0.000      0.000      0.000      0.000      0.325      4.482      4.807      0.000      0.000      0.000      0.000    319.933      0.000    173.956    145.977  TILE 10  PFT 10 FRAC     0.11
  1986     0.000      0.000      0.000      0.000      0.305      4.450      4.755      0.000      0.000      0.000      0.000    304.166      0.000    159.282    144.884  TILE 10  PFT 10 FRAC     0.10
  1987     0.000      0.000      0.000      0.000      0.331      4.322      4.653      0.000      0.000      0.000      0.000    282.192      0.000    142.826    139.366  TILE 10  PFT 10 FRAC     0.10
  1988     0.000      0.000      0.000      0.000      0.300      4.293      4.593      0.000      0.000      0.000      0.000    305.158      0.000    164.025    141.133  TILE 10  PFT 10 FRAC     0.10
  1989     0.000      0.000      0.000      0.000      0.296      4.171      4.467      0.000      0.000      0.000      0.000    274.773      0.000    138.770    136.003  TILE 10  PFT 10 FRAC     0.09
  1990     0.000      0.000      0.000      0.000      0.292      4.261      4.553      0.000      0.000      0.000      0.000    300.742      0.000    167.182    133.560  TILE 10  PFT 10 FRAC     0.09
  1991     0.000      0.000      0.000      0.000      0.310      4.131      4.441      0.000      0.000      0.000      0.000    296.804      0.000    158.576    138.228  TILE 10  PFT 10 FRAC     0.08
  1992     0.000      0.000      0.000      0.000      0.358      4.087      4.445      0.000      0.000      0.000      0.000    302.502      0.000    168.958    133.544  TILE 10  PFT 10 FRAC     0.09
  1993     0.000      0.000      0.000      0.000      0.363      4.162      4.525      0.000      0.000      0.000      0.000    319.187      0.000    186.848    132.338  TILE 10  PFT 10 FRAC     0.09
  1994     0.000      0.000      0.000      0.000      0.354      4.236      4.590      0.000      0.000      0.000      0.000    327.065      0.000    189.869    137.195  TILE 10  PFT 10 FRAC     0.09
  1995     0.000      0.000      0.000      0.000      0.361      4.425      4.786      0.000      0.000      0.000      0.000    358.367      0.000    211.668    146.700  TILE 10  PFT 10 FRAC     0.08
  1996     0.000      0.000      0.000      0.000      0.404      4.752      5.156      0.000      0.000      0.000      0.000    374.427      0.000    224.990    149.437  TILE 10  PFT 10 FRAC     0.08
  1997     0.000      0.000      0.000      0.000      0.425      5.028      5.453      0.000      0.000      0.000      0.000    387.774      0.000    232.168    155.605  TILE 10  PFT 10 FRAC     0.07
  1998     0.000      0.000      0.000      0.000      0.482      5.042      5.524      0.000      0.000      0.000      0.000    364.923      0.000    199.609    165.314  TILE 10  PFT 10 FRAC     0.10
  1999     0.000      0.000      0.000      0.000      0.398      5.076      5.474      0.000      0.000      0.000      0.000    378.914      0.000    217.143    161.772  TILE 10  PFT 10 FRAC     0.09
  2000     0.000      0.000      0.000      0.000      0.418      5.023      5.442      0.000      0.000      0.000      0.000    331.162      0.000    168.861    162.301  TILE 10  PFT 10 FRAC     0.11
  2001     0.000      0.000      0.000      0.000      0.341      4.976      5.317      0.000      0.000      0.000      0.000    362.183      0.000    194.995    167.188  TILE 10  PFT 10 FRAC     0.11
  2002     0.000      0.000      0.000      0.000      0.298      4.718      5.016      0.000      0.000      0.000      0.000    324.027      0.000    163.169    160.858  TILE 10  PFT 10 FRAC     0.10
  2003     0.000      0.000      0.000      0.000      0.306      4.453      4.759      0.000      0.000      0.000      0.000    307.217      0.000    156.202    151.015  TILE 10  PFT 10 FRAC     0.10
  2004     0.000      0.000      0.000      0.000      0.307      4.307      4.614      0.000      0.000      0.000      0.000    311.319      0.000    164.316    147.003  TILE 10  PFT 10 FRAC     0.09
  2005     0.000      0.000      0.000      0.000      0.348      4.162      4.510      0.000      0.000      0.000      0.000    284.718      0.000    151.337    133.381  TILE 10  PFT 10 FRAC     0.09
  2006     0.000      0.000      0.000      0.000      0.356      4.202      4.559      0.000      0.000      0.000      0.000    303.055      0.000    170.206    132.850  TILE 10  PFT 10 FRAC     0.09
  2007     0.000      0.000      0.000      0.000      0.367      4.211      4.578      0.000      0.000      0.000      0.000    300.278      0.000    166.811    133.467  TILE 10  PFT 10 FRAC     0.09
  2008     0.000      0.000      0.000      0.000      0.352      4.340      4.691      0.000      0.000      0.000      0.000    327.957      0.000    189.130    138.827  TILE 10  PFT 10 FRAC     0.08
  2009     0.000      0.000      0.000      0.000      0.388      4.421      4.809      0.000      0.000      0.000      0.000    334.625      0.000    191.580    143.045  TILE 10  PFT 10 FRAC     0.08
  2010     0.000      0.000      0.000      0.000      0.412      4.626      5.039      0.000      0.000      0.000      0.000    363.064      0.000    212.208    150.857  TILE 10  PFT 10 FRAC     0.08
  2011     0.000      0.000      0.000      0.000      0.394      4.854      5.248      0.000      0.000      0.000      0.000    386.417      0.000    228.517    157.900  TILE 10  PFT 10 FRAC     0.08
  2012     0.000      0.000      0.000      0.000      0.398      4.851      5.248      0.000      0.000      0.000      0.000    366.517      0.000    206.462    160.054  TILE 10  PFT 10 FRAC     0.08
  2013     0.000      0.000      0.000      0.000      0.375      4.911      5.285      0.000      0.000      0.000      0.000    371.218      0.000    215.365    155.853  TILE 10  PFT 10 FRAC     0.08
  2014     0.000      0.000      0.000      0.000      0.381      5.061      5.442      0.000      0.000      0.000      0.000    370.331      0.000    208.091    162.240  TILE 10  PFT 10 FRAC     0.09
  2015     0.000      0.000      0.000      0.000      0.367      4.966      5.333      0.000      0.000      0.000      0.000    361.788      0.000    196.239    165.549  TILE 10  PFT 10 FRAC     0.09
  2016     0.000      0.000      0.000      0.000      0.317      4.859      5.175      0.000      0.000      0.000      0.000    350.091      0.000    188.669    161.422  TILE 10  PFT 10 FRAC     0.08
  2017     0.000      0.000      0.000      0.000      0.334      4.837      5.171      0.000      0.000      0.000      0.000    339.792      0.000    183.558    156.233  TILE 10  PFT 10 FRAC     0.08
  2018     0.000      0.000      0.000      0.000      0.361      4.924      5.285      0.000      0.000      0.000      0.000    347.546      0.000    192.579    154.967  TILE 10  PFT 10 FRAC     0.08
  2019     0.000      0.000      0.000      0.000      0.419      4.985      5.403      0.000      0.000      0.000      0.000    342.544      0.000    184.788    157.756  TILE 10  PFT 10 FRAC     0.09
  2020     0.000      0.000      0.000      0.000      0.401      4.959      5.361      0.000      0.000      0.000      0.000    346.540      0.000    191.024    155.517  TILE 10  PFT 10 FRAC     0.10
  2021     0.000      0.000      0.000      0.000      0.371      4.875      5.246      0.000      0.000      0.000      0.000    338.239      0.000    182.734    155.505  TILE 10  PFT 10 FRAC     0.10
  2022     0.000      0.000      0.000      0.000      0.393      4.890      5.284      0.000      0.000      0.000      0.000    347.290      0.000    187.719    159.572  TILE 10  PFT 10 FRAC     0.11
  2023     0.000      0.000      0.000      0.000      0.333      4.868      5.201      0.000      0.000      0.000      0.000    350.208      0.000    194.837    155.371  TILE 10  PFT 10 FRAC     0.10
  2024     0.000      0.000      0.000      0.000      0.355      4.622      4.977      0.000      0.000      0.000      0.000    307.670      0.000    155.217    152.452  TILE 10  PFT 10 FRAC     0.11
  2025     0.000      0.000      0.000      0.000      0.324      4.461      4.785      0.000      0.000      0.000      0.000    318.763      0.000    173.500    145.263  TILE 10  PFT 10 FRAC     0.11
  2026     0.000      0.000      0.000      0.000      0.305      4.432      4.737      0.000      0.000      0.000      0.000    303.381      0.000    159.119    144.262  TILE 10  PFT 10 FRAC     0.10
  2027     0.000      0.000      0.000      0.000      0.331      4.308      4.640      0.000      0.000      0.000      0.000    281.655      0.000    142.780    138.876  TILE 10  PFT 10 FRAC     0.10
  2028     0.000      0.000      0.000      0.000      0.300      4.283      4.584      0.000      0.000      0.000      0.000    304.955      0.000    164.224    140.731  TILE 10  PFT 10 FRAC     0.10
  2029     0.000      0.000      0.000      0.000      0.297      4.166      4.463      0.000      0.000      0.000      0.000    274.941      0.000    139.157    135.784  TILE 10  PFT 10 FRAC     0.09
  2030     0.000      0.000      0.000      0.000      0.292      4.258      4.550      0.000      0.000      0.000      0.000    301.017      0.000    167.539    133.477  TILE 10  PFT 10 FRAC     0.09
  2031     0.000      0.000      0.000      0.000      0.309      4.131      4.440      0.000      0.000      0.000      0.000    296.674      0.000    158.448    138.226  TILE 10  PFT 10 FRAC     0.08
  2032     0.000      0.000      0.000      0.000      0.357      4.086      4.443      0.000      0.000      0.000      0.000    302.194      0.000    168.653    133.541  TILE 10  PFT 10 FRAC     0.09
  2033     0.000      0.000      0.000      0.000      0.362      4.149      4.511      0.000      0.000      0.000      0.000    318.132      0.000    186.145    131.987  TILE 10  PFT 10 FRAC     0.09
  2034     0.000      0.000      0.000      0.000      0.352      4.223      4.575      0.000      0.000      0.000      0.000    325.545      0.000    188.744    136.801  TILE 10  PFT 10 FRAC     0.09
  2035     0.000      0.000      0.000      0.000      0.357      4.406      4.764      0.000      0.000      0.000      0.000    356.247      0.000    210.067    146.180  TILE 10  PFT 10 FRAC     0.08
  2036     0.000      0.000      0.000      0.000      0.401      4.726      5.128      0.000      0.000      0.000      0.000    372.009      0.000    223.290    148.719  TILE 10  PFT 10 FRAC     0.08
  2037     0.000      0.000      0.000      0.000      0.424      5.004      5.428      0.000      0.000      0.000      0.000    385.869      0.000    231.077    154.792  TILE 10  PFT 10 FRAC     0.07
  2038     0.000      0.000      0.000      0.000      0.482      5.025      5.507      0.000      0.000      0.000      0.000    364.097      0.000    199.464    164.634  TILE 10  PFT 10 FRAC     0.10
  2039     0.000      0.000      0.000      0.000      0.399      5.062      5.460      0.000      0.000      0.000      0.000    378.589      0.000    217.310    161.279  TILE 10  PFT 10 FRAC     0.09
  2040     0.000      0.000      0.000      0.000      0.418      5.012      5.431      0.000      0.000      0.000      0.000    330.779      0.000    168.895    161.884  TILE 10  PFT 10 FRAC     0.11
  2041     0.000      0.000      0.000      0.000      0.341      4.967      5.308      0.000      0.000      0.000      0.000    361.933      0.000    195.057    166.876  TILE 10  PFT 10 FRAC     0.11
  2042     0.000      0.000      0.000      0.000      0.298      4.712      5.010      0.000      0.000      0.000      0.000    323.792      0.000    163.169    160.624  TILE 10  PFT 10 FRAC     0.10
  2043     0.000      0.000      0.000      0.000      0.306      4.448      4.754      0.000      0.000      0.000      0.000    306.962      0.000    156.109    150.852  TILE 10  PFT 10 FRAC     0.10
  2044     0.000      0.000      0.000      0.000      0.307      4.304      4.610      0.000      0.000      0.000      0.000    311.100      0.000    164.192    146.908  TILE 10  PFT 10 FRAC     0.09
  2045     0.000      0.000      0.000      0.000      0.347      4.158      4.504      0.000      0.000      0.000      0.000    284.303      0.000    151.017    133.286  TILE 10  PFT 10 FRAC     0.09
  2046     0.000      0.000      0.000      0.000      0.355      4.195      4.551      0.000      0.000      0.000      0.000    302.352      0.000    169.683    132.668  TILE 10  PFT 10 FRAC     0.09
  2047     0.000      0.000      0.000      0.000      0.366      4.202      4.568      0.000      0.000      0.000      0.000    299.590      0.000    166.372    133.218  TILE 10  PFT 10 FRAC     0.09
  2048     0.000      0.000      0.000      0.000      0.351      4.328      4.680      0.000      0.000      0.000      0.000    327.194      0.000    188.706    138.487  TILE 10  PFT 10 FRAC     0.08
  2049     0.000      0.000      0.000      0.000      0.388      4.409      4.797      0.000      0.000      0.000      0.000    333.989      0.000    191.349    142.640  TILE 10  PFT 10 FRAC     0.08
  2050     0.000      0.000      0.000      0.000      0.413      4.617      5.030      0.000      0.000      0.000      0.000    362.834      0.000    212.316    150.519  TILE 10  PFT 10 FRAC     0.08
  2051     0.000      0.000      0.000      0.000      0.394      4.846      5.240      0.000      0.000      0.000      0.000    386.274      0.000    228.646    157.628  TILE 10  PFT 10 FRAC     0.08
  2052     0.000      0.000      0.000      0.000      0.398      4.845      5.242      0.000      0.000      0.000      0.000    366.342      0.000    206.511    159.832  TILE 10  PFT 10 FRAC     0.08
  2053     0.000      0.000      0.000      0.000      0.375      4.905      5.280      0.000      0.000      0.000      0.000    371.087      0.000    215.412    155.675  TILE 10  PFT 10 FRAC     0.08
  2054     0.000      0.000      0.000      0.000      0.381      5.056      5.437      0.000      0.000      0.000      0.000    370.076      0.000    208.008    162.068  TILE 10  PFT 10 FRAC     0.09
  2055     0.000      0.000      0.000      0.000      0.366      4.960      5.326      0.000      0.000      0.000      0.000    361.456      0.000    196.102    165.354  TILE 10  PFT 10 FRAC     0.09
  2056     0.000      0.000      0.000      0.000      0.316      4.851      5.167      0.000      0.000      0.000      0.000    349.591      0.000    188.394    161.197  TILE 10  PFT 10 FRAC     0.08
  2057     0.000      0.000      0.000      0.000      0.333      4.828      5.161      0.000      0.000      0.000      0.000    339.090      0.000    183.148    155.941  TILE 10  PFT 10 FRAC     0.08
  2058     0.000      0.000      0.000      0.000      0.360      4.914      5.274      0.000      0.000      0.000      0.000    346.984      0.000    192.333    154.651  TILE 10  PFT 10 FRAC     0.08
  2059     0.000      0.000      0.000      0.000      0.418      4.975      5.394      0.000      0.000      0.000      0.000    342.116      0.000    184.670    157.446  TILE 10  PFT 10 FRAC     0.09
  2060     0.000      0.000      0.000      0.000      0.401      4.951      5.352      0.000      0.000      0.000      0.000    346.175      0.000    190.944    155.230  TILE 10  PFT 10 FRAC     0.10
  2061     0.000      0.000      0.000      0.000      0.371      4.868      5.240      0.000      0.000      0.000      0.000    338.020      0.000    182.754    155.266  TILE 10  PFT 10 FRAC     0.10
  2062     0.000      0.000      0.000      0.000      0.394      4.885      5.279      0.000      0.000      0.000      0.000    347.198      0.000    187.809    159.389  TILE 10  PFT 10 FRAC     0.11
  2063     0.000      0.000      0.000      0.000      0.333      4.865      5.198      0.000      0.000      0.000      0.000    350.050      0.000    194.826    155.224  TILE 10  PFT 10 FRAC     0.10
  2064     0.000      0.000      0.000      0.000      0.355      4.621      4.976      0.000      0.000      0.000      0.000    307.650      0.000    155.276    152.374  TILE 10  PFT 10 FRAC     0.11
  2065     0.000      0.000      0.000      0.000      0.324      4.461      4.785      0.000      0.000      0.000      0.000    318.784      0.000    173.546    145.238  TILE 10  PFT 10 FRAC     0.11
  2066     0.000      0.000      0.000      0.000      0.305      4.431      4.736      0.000      0.000      0.000      0.000    303.305      0.000    159.081    144.224  TILE 10  PFT 10 FRAC     0.10
  2067     0.000      0.000      0.000      0.000      0.332      4.306      4.637      0.000      0.000      0.000      0.000    281.563      0.000    142.772    138.790  TILE 10  PFT 10 FRAC     0.10
  2068     0.000      0.000      0.000      0.000      0.301      4.282      4.582      0.000      0.000      0.000      0.000    305.009      0.000    164.352    140.657  TILE 10  PFT 10 FRAC     0.10
  2069     0.000      0.000      0.000      0.000      0.297      4.164      4.461      0.000      0.000      0.000      0.000    274.947      0.000    139.249    135.699  TILE 10  PFT 10 FRAC     0.09
  2070     0.000      0.000      0.000      0.000      0.292      4.257      4.550      0.000      0.000      0.000      0.000    301.004      0.000    167.576    133.427  TILE 10  PFT 10 FRAC     0.09
  2071     0.000      0.000      0.000      0.000      0.309      4.131      4.441      0.000      0.000      0.000      0.000    296.707      0.000    158.482    138.225  TILE 10  PFT 10 FRAC     0.08
  2072     0.000      0.000      0.000      0.000      0.357      4.087      4.445      0.000      0.000      0.000      0.000    302.310      0.000    168.723    133.587  TILE 10  PFT 10 FRAC     0.09
  2073     0.000      0.000      0.000      0.000      0.362      4.148      4.510      0.000      0.000      0.000      0.000    317.979      0.000    186.014    131.965  TILE 10  PFT 10 FRAC     0.09
  2074     0.000      0.000      0.000      0.000      0.351      4.221      4.572      0.000      0.000      0.000      0.000    325.174      0.000    188.413    136.761  TILE 10  PFT 10 FRAC     0.09
  2075     0.000      0.000      0.000      0.000      0.356      4.401      4.757      0.000      0.000      0.000      0.000    355.563      0.000    209.502    146.061  TILE 10  PFT 10 FRAC     0.08
  2076     0.000      0.000      0.000      0.000      0.400      4.718      5.118      0.000      0.000      0.000      0.000    371.132      0.000    222.641    148.492  TILE 10  PFT 10 FRAC     0.08
  2077     0.000      0.000      0.000      0.000      0.424      4.995      5.419      0.000      0.000      0.000      0.000    385.103      0.000    230.582    154.521  TILE 10  PFT 10 FRAC     0.07
  2078     0.000      0.000      0.000      0.000      0.482      5.018      5.500      0.000      0.000      0.000      0.000    363.723      0.000    199.342    164.381  TILE 10  PFT 10 FRAC     0.10
  2079     0.000      0.000      0.000      0.000      0.399      5.056      5.455      0.000      0.000      0.000      0.000    378.386      0.000    217.308    161.078  TILE 10  PFT 10 FRAC     0.09
  2080     0.000      0.000      0.000      0.000      0.418      5.010      5.429      0.000      0.000      0.000      0.000    330.815      0.000    169.026    161.789  TILE 10  PFT 10 FRAC     0.11
  2081     0.000      0.000      0.000      0.000      0.341      4.965      5.307      0.000      0.000      0.000      0.000    361.955      0.000    195.148    166.807  TILE 10  PFT 10 FRAC     0.11
  2082     0.000      0.000      0.000      0.000      0.298      4.711      5.009      0.000      0.000      0.000      0.000    323.807      0.000    163.226    160.581  TILE 10  PFT 10 FRAC     0.10
  2083     0.000      0.000      0.000      0.000      0.306      4.449      4.755      0.000      0.000      0.000      0.000    307.084      0.000    156.226    150.858  TILE 10  PFT 10 FRAC     0.10
  2084     0.000      0.000      0.000      0.000      0.306      4.303      4.610      0.000      0.000      0.000      0.000    311.076      0.000    164.183    146.893  TILE 10  PFT 10 FRAC     0.09
  2085     0.000      0.000      0.000      0.000      0.347      4.157      4.504      0.000      0.000      0.000      0.000    284.225      0.000    150.980    133.245  TILE 10  PFT 10 FRAC     0.09
  2086     0.000      0.000      0.000      0.000      0.355      4.196      4.551      0.000      0.000      0.000      0.000    302.454      0.000    169.795    132.659  TILE 10  PFT 10 FRAC     0.09
  2087     0.000      0.000      0.000      0.000      0.366      4.201      4.567      0.000      0.000      0.000      0.000    299.613      0.000    166.408    133.206  TILE 10  PFT 10 FRAC     0.09
  2088     0.000      0.000      0.000      0.000      0.351      4.329      4.680      0.000      0.000      0.000      0.000    327.072      0.000    188.579    138.494  TILE 10  PFT 10 FRAC     0.08
  2089     0.000      0.000      0.000      0.000      0.387      4.409      4.796      0.000      0.000      0.000      0.000    333.823      0.000    191.145    142.677  TILE 10  PFT 10 FRAC     0.08
  2090     0.000      0.000      0.000      0.000      0.412      4.615      5.027      0.000      0.000      0.000      0.000    362.268      0.000    211.788    150.480  TILE 10  PFT 10 FRAC     0.08
  2091     0.000      0.000      0.000      0.000      0.393      4.842      5.235      0.000      0.000      0.000      0.000    385.751      0.000    228.219    157.532  TILE 10  PFT 10 FRAC     0.08
  2092     0.000      0.000      0.000      0.000      0.397      4.839      5.236      0.000      0.000      0.000      0.000    365.870      0.000    206.190    159.680  TILE 10  PFT 10 FRAC     0.08
  2093     0.000      0.000      0.000      0.000      0.375      4.900      5.275      0.000      0.000      0.000      0.000    370.627      0.000    215.131    155.496  TILE 10  PFT 10 FRAC     0.08
  2094     0.000      0.000      0.000      0.000      0.381      5.052      5.433      0.000      0.000      0.000      0.000    369.900      0.000    207.979    161.921  TILE 10  PFT 10 FRAC     0.09
  2095     0.000      0.000      0.000      0.000      0.366      4.957      5.323      0.000      0.000      0.000      0.000    361.422      0.000    196.167    165.254  TILE 10  PFT 10 FRAC     0.09
  2096     0.000      0.000      0.000      0.000      0.317      4.851      5.167      0.000      0.000      0.000      0.000    349.661      0.000    188.531    161.130  TILE 10  PFT 10 FRAC     0.08
  2097     0.000      0.000      0.000      0.000      0.334      4.830      5.164      0.000      0.000      0.000      0.000    339.550      0.000    183.559    155.991  TILE 10  PFT 10 FRAC     0.08
  2098     0.000      0.000      0.000      0.000      0.360      4.915      5.276      0.000      0.000      0.000      0.000    347.279      0.000    192.560    154.719  TILE 10  PFT 10 FRAC     0.08
  2099     0.000      0.000      0.000      0.000      0.418      4.978      5.396      0.000      0.000      0.000      0.000    342.210      0.000    184.718    157.492  TILE 10  PFT 10 FRAC     0.09
  2100     0.000      0.000      0.000      0.000      0.402      4.954      5.356      0.000      0.000      0.000      0.000    346.424      0.000    191.096    155.328  TILE 10  PFT 10 FRAC     0.10
  2101     0.000      0.000      0.000      0.000      0.372      4.872      5.244      0.000      0.000      0.000      0.000    338.269      0.000    182.887    155.382  TILE 10  PFT 10 FRAC     0.10
  2102     0.000      0.000      0.000      0.000      0.394      4.890      5.283      0.000      0.000      0.000      0.000    347.409      0.000    187.879    159.529  TILE 10  PFT 10 FRAC     0.11
  2103     0.000      0.000      0.000      0.000      0.333      4.869      5.203      0.000      0.000      0.000      0.000    350.312      0.000    194.941    155.370  TILE 10  PFT 10 FRAC     0.10
  2104     0.000      0.000      0.000      0.000      0.355      4.624      4.979      0.000      0.000      0.000      0.000    307.858      0.000    155.340    152.519  TILE 10  PFT 10 FRAC     0.11
  2105     0.000      0.000      0.000      0.000      0.324      4.463      4.787      0.000      0.000      0.000      0.000    318.803      0.000    173.479    145.324  TILE 10  PFT 10 FRAC     0.11
  2106     0.000      0.000      0.000      0.000      0.305      4.432      4.737      0.000      0.000      0.000      0.000    303.358      0.000    159.067    144.291  TILE 10  PFT 10 FRAC     0.10
  2107     0.000      0.000      0.000      0.000      0.332      4.306      4.638      0.000      0.000      0.000      0.000    281.590      0.000    142.774    138.816  TILE 10  PFT 10 FRAC     0.10
  2108     0.000      0.000      0.000      0.000      0.300      4.281      4.581      0.000      0.000      0.000      0.000    304.808      0.000    164.161    140.647  TILE 10  PFT 10 FRAC     0.10
  2109     0.000      0.000      0.000      0.000      0.297      4.163      4.460      0.000      0.000      0.000      0.000    274.769      0.000    139.088    135.681  TILE 10  PFT 10 FRAC     0.09
  2110     0.000      0.000      0.000      0.000      0.292      4.257      4.550      0.000      0.000      0.000      0.000    300.946      0.000    167.537    133.410  TILE 10  PFT 10 FRAC     0.09
  2111     0.000      0.000      0.000      0.000      0.309      4.132      4.441      0.000      0.000      0.000      0.000    296.803      0.000    158.584    138.220  TILE 10  PFT 10 FRAC     0.08
  2112     0.000      0.000      0.000      0.000      0.357      4.087      4.444      0.000      0.000      0.000      0.000    302.275      0.000    168.687    133.588  TILE 10  PFT 10 FRAC     0.09
  2113     0.000      0.000      0.000      0.000      0.361      4.145      4.506      0.000      0.000      0.000      0.000    317.676      0.000    185.805    131.871  TILE 10  PFT 10 FRAC     0.09
  2114     0.000      0.000      0.000      0.000      0.351      4.220      4.570      0.000      0.000      0.000      0.000    324.810      0.000    188.113    136.697  TILE 10  PFT 10 FRAC     0.09
  2115     0.000      0.000      0.000      0.000      0.356      4.400      4.756      0.000      0.000      0.000      0.000    355.250      0.000    209.220    146.030  TILE 10  PFT 10 FRAC     0.08
  2116     0.000      0.000      0.000      0.000      0.399      4.715      5.114      0.000      0.000      0.000      0.000    370.683      0.000    222.262    148.420  TILE 10  PFT 10 FRAC     0.08
  2117     0.000      0.000      0.000      0.000      0.422      4.989      5.411      0.000      0.000      0.000      0.000    384.459      0.000    230.089    154.370  TILE 10  PFT 10 FRAC     0.07
  2118     0.000      0.000      0.000      0.000      0.481      5.011      5.492      0.000      0.000      0.000      0.000    363.014      0.000    198.851    164.162  TILE 10  PFT 10 FRAC     0.10
  2119     0.000      0.000      0.000      0.000      0.398      5.049      5.447      0.000      0.000      0.000      0.000    377.727      0.000    216.896    160.831  TILE 10  PFT 10 FRAC     0.09
  2120     0.000      0.000      0.000      0.000      0.418      5.004      5.422      0.000      0.000      0.000      0.000    330.408      0.000    168.856    161.551  TILE 10  PFT 10 FRAC     0.11
  2121     0.000      0.000      0.000      0.000      0.342      4.961      5.303      0.000      0.000      0.000      0.000    361.886      0.000    195.247    166.638  TILE 10  PFT 10 FRAC     0.11
  2122     0.000      0.000      0.000      0.000      0.298      4.710      5.008      0.000      0.000      0.000      0.000    323.869      0.000    163.382    160.487  TILE 10  PFT 10 FRAC     0.10
  2123     0.000      0.000      0.000      0.000      0.306      4.448      4.754      0.000      0.000      0.000      0.000    307.141      0.000    156.329    150.812  TILE 10  PFT 10 FRAC     0.10
  2124     0.000      0.000      0.000      0.000      0.307      4.305      4.612      0.000      0.000      0.000      0.000    311.322      0.000    164.383    146.939  TILE 10  PFT 10 FRAC     0.09
  2125     0.000      0.000      0.000      0.000      0.347      4.160      4.507      0.000      0.000      0.000      0.000    284.447      0.000    151.102    133.345  TILE 10  PFT 10 FRAC     0.09
  2126     0.000      0.000      0.000      0.000      0.355      4.199      4.554      0.000      0.000      0.000      0.000    302.584      0.000    169.820    132.763  TILE 10  PFT 10 FRAC     0.09
  2127     0.000      0.000      0.000      0.000      0.366      4.203      4.569      0.000      0.000      0.000      0.000    299.666      0.000    166.389    133.277  TILE 10  PFT 10 FRAC     0.09
  2128     0.000      0.000      0.000      0.000      0.351      4.331      4.682      0.000      0.000      0.000      0.000    327.121      0.000    188.565    138.556  TILE 10  PFT 10 FRAC     0.08
  2129     0.000      0.000      0.000      0.000      0.387      4.410      4.797      0.000      0.000      0.000      0.000    333.812      0.000    191.105    142.707  TILE 10  PFT 10 FRAC     0.08
  2130     0.000      0.000      0.000      0.000      0.412      4.618      5.031      0.000      0.000      0.000      0.000    362.534      0.000    211.979    150.555  TILE 10  PFT 10 FRAC     0.08
  2131     0.000      0.000      0.000      0.000      0.394      4.847      5.241      0.000      0.000      0.000      0.000    386.233      0.000    228.577    157.656  TILE 10  PFT 10 FRAC     0.08
  2132     0.000      0.000      0.000      0.000      0.398      4.846      5.244      0.000      0.000      0.000      0.000    366.459      0.000    206.603    159.857  TILE 10  PFT 10 FRAC     0.08
  2133     0.000      0.000      0.000      0.000      0.375      4.906      5.281      0.000      0.000      0.000      0.000    371.251      0.000    215.545    155.707  TILE 10  PFT 10 FRAC     0.08
  2134     0.000      0.000      0.000      0.000      0.381      5.057      5.438      0.000      0.000      0.000      0.000    370.221      0.000    208.119    162.102  TILE 10  PFT 10 FRAC     0.09
  2135     0.000      0.000      0.000      0.000      0.366      4.961      5.327      0.000      0.000      0.000      0.000    361.630      0.000    196.225    165.405  TILE 10  PFT 10 FRAC     0.09
  2136     0.000      0.000      0.000      0.000      0.316      4.854      5.170      0.000      0.000      0.000      0.000    349.775      0.000    188.530    161.245  TILE 10  PFT 10 FRAC     0.08
  2137     0.000      0.000      0.000      0.000      0.334      4.833      5.167      0.000      0.000      0.000      0.000    339.632      0.000    183.550    156.082  TILE 10  PFT 10 FRAC     0.08
  2138     0.000      0.000      0.000      0.000      0.361      4.921      5.282      0.000      0.000      0.000      0.000    347.474      0.000    192.641    154.833  TILE 10  PFT 10 FRAC     0.08
  2139     0.000      0.000      0.000      0.000      0.419      4.983      5.402      0.000      0.000      0.000      0.000    342.672      0.000    184.993    157.679  TILE 10  PFT 10 FRAC     0.09
  2140     0.000      0.000      0.000      0.000      0.401      4.958      5.360      0.000      0.000      0.000      0.000    346.640      0.000    191.156    155.483  TILE 10  PFT 10 FRAC     0.10
  2141     0.000      0.000      0.000      0.000      0.371      4.874      5.246      0.000      0.000      0.000      0.000    338.277      0.000    182.791    155.486  TILE 10  PFT 10 FRAC     0.10
  2142     0.000      0.000      0.000      0.000      0.393      4.890      5.283      0.000      0.000      0.000      0.000    347.268      0.000    187.707    159.561  TILE 10  PFT 10 FRAC     0.11
  2143     0.000      0.000      0.000      0.000      0.333      4.868      5.201      0.000      0.000      0.000      0.000    350.180      0.000    194.828    155.353  TILE 10  PFT 10 FRAC     0.10
  2144     0.000      0.000      0.000      0.000      0.355      4.621      4.976      0.000      0.000      0.000      0.000    307.656      0.000    155.209    152.447  TILE 10  PFT 10 FRAC     0.11
  2145     0.000      0.000      0.000      0.000      0.324      4.461      4.784      0.000      0.000      0.000      0.000    318.619      0.000    173.381    145.238  TILE 10  PFT 10 FRAC     0.11
  2146     0.000      0.000      0.000      0.000      0.305      4.431      4.736      0.000      0.000      0.000      0.000    303.268      0.000    159.040    144.227  TILE 10  PFT 10 FRAC     0.10
  2147     0.000      0.000      0.000      0.000      0.331      4.307      4.639      0.000      0.000      0.000      0.000    281.627      0.000    142.788    138.839  TILE 10  PFT 10 FRAC     0.10
  2148     0.000      0.000      0.000      0.000      0.300      4.282      4.583      0.000      0.000      0.000      0.000    304.898      0.000    164.198    140.699  TILE 10  PFT 10 FRAC     0.10
  2149     0.000      0.000      0.000      0.000      0.297      4.167      4.463      0.000      0.000      0.000      0.000    275.000      0.000    139.217    135.783  TILE 10  PFT 10 FRAC     0.09
  2150     0.000      0.000      0.000      0.000      0.293      4.259      4.552      0.000      0.000      0.000      0.000    301.159      0.000    167.676    133.483  TILE 10  PFT 10 FRAC     0.08
  2151     0.000      0.000      0.000      0.000      0.310      4.132      4.442      0.000      0.000      0.000      0.000    297.025      0.000    158.774    138.250  TILE 10  PFT 10 FRAC     0.08
  2152     0.000      0.000      0.000      0.000      0.358      4.087      4.445      0.000      0.000      0.000      0.000    302.537      0.000    168.943    133.594  TILE 10  PFT 10 FRAC     0.09
  2153     0.000      0.000      0.000      0.000      0.362      4.154      4.516      0.000      0.000      0.000      0.000    318.506      0.000    186.365    132.141  TILE 10  PFT 10 FRAC     0.09
  2154     0.000      0.000      0.000      0.000      0.352      4.227      4.580      0.000      0.000      0.000      0.000    325.917      0.000    188.963    136.954  TILE 10  PFT 10 FRAC     0.09
  2155     0.000      0.000      0.000      0.000      0.358      4.410      4.768      0.000      0.000      0.000      0.000    356.682      0.000    210.357    146.325  TILE 10  PFT 10 FRAC     0.08
  2156     0.000      0.000      0.000      0.000      0.401      4.728      5.129      0.000      0.000      0.000      0.000    372.229      0.000    223.414    148.815  TILE 10  PFT 10 FRAC     0.08
  2157     0.000      0.000      0.000      0.000      0.424      5.002      5.426      0.000      0.000      0.000      0.000    385.621      0.000    230.819    154.802  TILE 10  PFT 10 FRAC     0.07
  2158     0.000      0.000      0.000      0.000      0.481      5.020      5.501      0.000      0.000      0.000      0.000    363.611      0.000    199.084    164.527  TILE 10  PFT 10 FRAC     0.10
  2159     0.000      0.000      0.000      0.000      0.398      5.056      5.453      0.000      0.000      0.000      0.000    377.944      0.000    216.853    161.091  TILE 10  PFT 10 FRAC     0.09
  2160     0.000      0.000      0.000      0.000      0.418      5.007      5.425      0.000      0.000      0.000      0.000    330.443      0.000    168.724    161.719  TILE 10  PFT 10 FRAC     0.11
  2161     0.000      0.000      0.000      0.000      0.341      4.962      5.303      0.000      0.000      0.000      0.000    361.632      0.000    194.935    166.697  TILE 10  PFT 10 FRAC     0.11
  2162     0.000      0.000      0.000      0.000      0.298      4.707      5.005      0.000      0.000      0.000      0.000    323.573      0.000    163.122    160.450  TILE 10  PFT 10 FRAC     0.10
  2163     0.000      0.000      0.000      0.000      0.306      4.445      4.751      0.000      0.000      0.000      0.000    306.932      0.000    156.207    150.725  TILE 10  PFT 10 FRAC     0.10
  2164     0.000      0.000      0.000      0.000      0.307      4.301      4.608      0.000      0.000      0.000      0.000    311.040      0.000    164.256    146.784  TILE 10  PFT 10 FRAC     0.09
  2165     0.000      0.000      0.000      0.000      0.347      4.156      4.503      0.000      0.000      0.000      0.000    284.329      0.000    151.134    133.195  TILE 10  PFT 10 FRAC     0.09
  2166     0.000      0.000      0.000      0.000      0.356      4.196      4.551      0.000      0.000      0.000      0.000    302.576      0.000    169.931    132.645  TILE 10  PFT 10 FRAC     0.09
  2167     0.000      0.000      0.000      0.000      0.366      4.205      4.572      0.000      0.000      0.000      0.000    299.959      0.000    166.661    133.299  TILE 10  PFT 10 FRAC     0.09
  2168     0.000      0.000      0.000      0.000      0.352      4.334      4.686      0.000      0.000      0.000      0.000    327.699      0.000    189.064    138.635  TILE 10  PFT 10 FRAC     0.08
  2169     0.000      0.000      0.000      0.000      0.388      4.415      4.804      0.000      0.000      0.000      0.000    334.550      0.000    191.684    142.866  TILE 10  PFT 10 FRAC     0.08
  2170     0.000      0.000      0.000      0.000      0.413      4.623      5.035      0.000      0.000      0.000      0.000    363.013      0.000    212.306    150.707  TILE 10  PFT 10 FRAC     0.08
  2171     0.000      0.000      0.000      0.000      0.394      4.851      5.245      0.000      0.000      0.000      0.000    386.483      0.000    228.689    157.794  TILE 10  PFT 10 FRAC     0.08
  2172     0.000      0.000      0.000      0.000      0.398      4.849      5.247      0.000      0.000      0.000      0.000    366.596      0.000    206.612    159.984  TILE 10  PFT 10 FRAC     0.08
  2173     0.000      0.000      0.000      0.000      0.375      4.909      5.284      0.000      0.000      0.000      0.000    371.218      0.000    215.425    155.793  TILE 10  PFT 10 FRAC     0.08
  2174     0.000      0.000      0.000      0.000      0.381      5.059      5.440      0.000      0.000      0.000      0.000    370.266      0.000    208.088    162.178  TILE 10  PFT 10 FRAC     0.09
  2175     0.000      0.000      0.000      0.000      0.366      4.963      5.329      0.000      0.000      0.000      0.000    361.641      0.000    196.176    165.464  TILE 10  PFT 10 FRAC     0.09
  2176     0.000      0.000      0.000      0.000      0.316      4.854      5.170      0.000      0.000      0.000      0.000    349.690      0.000    188.412    161.278  TILE 10  PFT 10 FRAC     0.08
  2177     0.000      0.000      0.000      0.000      0.334      4.833      5.166      0.000      0.000      0.000      0.000    339.396      0.000    183.334    156.062  TILE 10  PFT 10 FRAC     0.08
  2178     0.000      0.000      0.000      0.000      0.361      4.919      5.280      0.000      0.000      0.000      0.000    347.385      0.000    192.581    154.804  TILE 10  PFT 10 FRAC     0.08
  2179     0.000      0.000      0.000      0.000      0.419      4.981      5.399      0.000      0.000      0.000      0.000    342.516      0.000    184.897    157.619  TILE 10  PFT 10 FRAC     0.09
  2180     0.000      0.000      0.000      0.000      0.401      4.955      5.357      0.000      0.000      0.000      0.000    346.437      0.000    191.053    155.384  TILE 10  PFT 10 FRAC     0.10
  2181     0.000      0.000      0.000      0.000      0.371      4.872      5.243      0.000      0.000      0.000      0.000    338.172      0.000    182.774    155.397  TILE 10  PFT 10 FRAC     0.10
  2182     0.000      0.000      0.000      0.000      0.394      4.888      5.282      0.000      0.000      0.000      0.000    347.250      0.000    187.763    159.488  TILE 10  PFT 10 FRAC     0.11
  2183     0.000      0.000      0.000      0.000      0.333      4.867      5.201      0.000      0.000      0.000      0.000    350.242      0.000    194.927    155.315  TILE 10  PFT 10 FRAC     0.10
  2184     0.000      0.000      0.000      0.000      0.355      4.622      4.977      0.000      0.000      0.000      0.000    307.773      0.000    155.328    152.446  TILE 10  PFT 10 FRAC     0.11
  2185     0.000      0.000      0.000      0.000      0.324      4.463      4.787      0.000      0.000      0.000      0.000    318.889      0.000    173.592    145.297  TILE 10  PFT 10 FRAC     0.11
  2186     0.000      0.000      0.000      0.000      0.305      4.434      4.739      0.000      0.000      0.000      0.000    303.495      0.000    159.188    144.307  TILE 10  PFT 10 FRAC     0.10
  2187     0.000      0.000      0.000      0.000      0.332      4.311      4.643      0.000      0.000      0.000      0.000    281.920      0.000    142.963    138.957  TILE 10  PFT 10 FRAC     0.10
  2188     0.000      0.000      0.000      0.000      0.300      4.285      4.585      0.000      0.000      0.000      0.000    305.016      0.000    164.220    140.796  TILE 10  PFT 10 FRAC     0.10
  2189     0.000      0.000      0.000      0.000      0.296      4.167      4.463      0.000      0.000      0.000      0.000    274.870      0.000    139.055    135.815  TILE 10  PFT 10 FRAC     0.09
  2190     0.000      0.000      0.000      0.000      0.292      4.258      4.550      0.000      0.000      0.000      0.000    300.936      0.000    167.473    133.462  TILE 10  PFT 10 FRAC     0.09
  2191     0.000      0.000      0.000      0.000      0.309      4.130      4.439      0.000      0.000      0.000      0.000    296.645      0.000    158.458    138.187  TILE 10  PFT 10 FRAC     0.08
  2192     0.000      0.000      0.000      0.000      0.357      4.086      4.443      0.000      0.000      0.000      0.000    302.323      0.000    168.782    133.541  TILE 10  PFT 10 FRAC     0.09
  2193     0.000      0.000      0.000      0.000      0.362      4.148      4.510      0.000      0.000      0.000      0.000    318.022      0.000    186.064    131.958  TILE 10  PFT 10 FRAC     0.09
  2194     0.000      0.000      0.000      0.000      0.352      4.220      4.572      0.000      0.000      0.000      0.000    325.272      0.000    188.545    136.727  TILE 10  PFT 10 FRAC     0.09
  2195     0.000      0.000      0.000      0.000      0.356      4.402      4.759      0.000      0.000      0.000      0.000    355.944      0.000    209.872    146.072  TILE 10  PFT 10 FRAC     0.08
  2196     0.000      0.000      0.000      0.000      0.401      4.721      5.121      0.000      0.000      0.000      0.000    371.557      0.000    223.004    148.554  TILE 10  PFT 10 FRAC     0.08
  2197     0.000      0.000      0.000      0.000      0.425      5.000      5.424      0.000      0.000      0.000      0.000    385.646      0.000    231.000    154.646  TILE 10  PFT 10 FRAC     0.07
  2198     0.000      0.000      0.000      0.000      0.482      5.022      5.505      0.000      0.000      0.000      0.000    364.084      0.000    199.556    164.527  TILE 10  PFT 10 FRAC     0.10
  2199     0.000      0.000      0.000      0.000      0.399      5.062      5.461      0.000      0.000      0.000      0.000    378.739      0.000    217.513    161.227  TILE 10  PFT 10 FRAC     0.09
  2200     0.000      0.000      0.000      0.000      0.419      5.015      5.433      0.000      0.000      0.000      0.000    331.177      0.000    169.238    161.939  TILE 10  PFT 10 FRAC     0.11
  2201     0.000      0.000      0.000      0.000      0.342      4.970      5.312      0.000      0.000      0.000      0.000    362.385      0.000    195.426    166.959  TILE 10  PFT 10 FRAC     0.11
  2202     0.000      0.000      0.000      0.000      0.298      4.717      5.015      0.000      0.000      0.000      0.000    324.200      0.000    163.453    160.747  TILE 10  PFT 10 FRAC     0.10
  2203     0.000      0.000      0.000      0.000      0.307      4.455      4.762      0.000      0.000      0.000      0.000    307.508      0.000    156.451    151.057  TILE 10  PFT 10 FRAC     0.10
  2204     0.000      0.000      0.000      0.000      0.307      4.310      4.617      0.000      0.000      0.000      0.000    311.519      0.000    164.397    147.122  TILE 10  PFT 10 FRAC     0.09
  2205     0.000      0.000      0.000      0.000      0.347      4.163      4.510      0.000      0.000      0.000      0.000    284.519      0.000    151.070    133.448  TILE 10  PFT 10 FRAC     0.09
  2206     0.000      0.000      0.000      0.000      0.355      4.200      4.555      0.000      0.000      0.000      0.000    302.615      0.000    169.794    132.821  TILE 10  PFT 10 FRAC     0.09
  2207     0.000      0.000      0.000      0.000      0.366      4.205      4.571      0.000      0.000      0.000      0.000    299.711      0.000    166.388    133.323  TILE 10  PFT 10 FRAC     0.09
  2208     0.000      0.000      0.000      0.000      0.351      4.333      4.684      0.000      0.000      0.000      0.000    327.323      0.000    188.717    138.607  TILE 10  PFT 10 FRAC     0.08
  2209     0.000      0.000      0.000      0.000      0.388      4.413      4.801      0.000      0.000      0.000      0.000    334.165      0.000    191.384    142.781  TILE 10  PFT 10 FRAC     0.08
  2210     0.000      0.000      0.000      0.000      0.413      4.622      5.035      0.000      0.000      0.000      0.000    362.973      0.000    212.311    150.662  TILE 10  PFT 10 FRAC     0.08
  2211     0.000      0.000      0.000      0.000      0.395      4.852      5.247      0.000      0.000      0.000      0.000    386.636      0.000    228.836    157.800  TILE 10  PFT 10 FRAC     0.08
  2212     0.000      0.000      0.000      0.000      0.398      4.850      5.248      0.000      0.000      0.000      0.000    366.826      0.000    206.801    160.025  TILE 10  PFT 10 FRAC     0.08
  2213     0.000      0.000      0.000      0.000      0.376      4.912      5.287      0.000      0.000      0.000      0.000    371.460      0.000    215.610    155.850  TILE 10  PFT 10 FRAC     0.08
  2214     0.000      0.000      0.000      0.000      0.382      5.063      5.444      0.000      0.000      0.000      0.000    370.630      0.000    208.341    162.289  TILE 10  PFT 10 FRAC     0.09
  2215     0.000      0.000      0.000      0.000      0.367      4.968      5.334      0.000      0.000      0.000      0.000    361.988      0.000    196.384    165.604  TILE 10  PFT 10 FRAC     0.09
  2216     0.000      0.000      0.000      0.000      0.317      4.860      5.177      0.000      0.000      0.000      0.000    350.222      0.000    188.736    161.486  TILE 10  PFT 10 FRAC     0.08
  2217     0.000      0.000      0.000      0.000      0.333      4.838      5.171      0.000      0.000      0.000      0.000    339.774      0.000    183.508    156.266  TILE 10  PFT 10 FRAC     0.08
  2218     0.000      0.000      0.000      0.000      0.360      4.923      5.283      0.000      0.000      0.000      0.000    347.457      0.000    192.482    154.974  TILE 10  PFT 10 FRAC     0.08
  2219     0.000      0.000      0.000      0.000      0.418      4.983      5.401      0.000      0.000      0.000      0.000    342.308      0.000    184.601    157.707  TILE 10  PFT 10 FRAC     0.09
  2220     0.000      0.000      0.000      0.000      0.401      4.958      5.359      0.000      0.000      0.000      0.000    346.415      0.000    190.944    155.472  TILE 10  PFT 10 FRAC     0.10
  2221     0.000      0.000      0.000      0.000      0.371      4.874      5.245      0.000      0.000      0.000      0.000    338.164      0.000    182.690    155.474  TILE 10  PFT 10 FRAC     0.10
  2222     0.000      0.000      0.000      0.000      0.393      4.889      5.282      0.000      0.000      0.000      0.000    347.195      0.000    187.648    159.547  TILE 10  PFT 10 FRAC     0.11
  2223     0.000      0.000      0.000      0.000      0.333      4.866      5.199      0.000      0.000      0.000      0.000    349.934      0.000    194.628    155.306  TILE 10  PFT 10 FRAC     0.10
  2224     0.000      0.000      0.000      0.000      0.355      4.619      4.974      0.000      0.000      0.000      0.000    307.472      0.000    155.094    152.378  TILE 10  PFT 10 FRAC     0.11
  2225     0.000      0.000      0.000      0.000      0.324      4.460      4.784      0.000      0.000      0.000      0.000    318.617      0.000    173.426    145.191  TILE 10  PFT 10 FRAC     0.11
  2226     0.000      0.000      0.000      0.000      0.305      4.431      4.736      0.000      0.000      0.000      0.000    303.382      0.000    159.161    144.221  TILE 10  PFT 10 FRAC     0.10
  2227     0.000      0.000      0.000      0.000      0.331      4.306      4.637      0.000      0.000      0.000      0.000    281.546      0.000    142.748    138.797  TILE 10  PFT 10 FRAC     0.10
  2228     0.000      0.000      0.000      0.000      0.300      4.281      4.581      0.000      0.000      0.000      0.000    304.858      0.000    164.207    140.651  TILE 10  PFT 10 FRAC     0.10
  2229     0.000      0.000      0.000      0.000      0.297      4.164      4.460      0.000      0.000      0.000      0.000    274.846      0.000    139.150    135.697  TILE 10  PFT 10 FRAC     0.09
  2230     0.000      0.000      0.000      0.000      0.292      4.256      4.548      0.000      0.000      0.000      0.000    300.879      0.000    167.486    133.393  TILE 10  PFT 10 FRAC     0.09
  2231     0.000      0.000      0.000      0.000      0.309      4.130      4.439      0.000      0.000      0.000      0.000    296.644      0.000    158.476    138.168  TILE 10  PFT 10 FRAC     0.08
  2232     0.000      0.000      0.000      0.000      0.357      4.086      4.443      0.000      0.000      0.000      0.000    302.263      0.000    168.738    133.525  TILE 10  PFT 10 FRAC     0.09
  2233     0.000      0.000      0.000      0.000      0.362      4.150      4.512      0.000      0.000      0.000      0.000    318.157      0.000    186.151    132.006  TILE 10  PFT 10 FRAC     0.09
  2234     0.000      0.000      0.000      0.000      0.352      4.225      4.577      0.000      0.000      0.000      0.000    325.665      0.000    188.800    136.865  TILE 10  PFT 10 FRAC     0.09
  2235     0.000      0.000      0.000      0.000      0.357      4.408      4.766      0.000      0.000      0.000      0.000    356.462      0.000    210.200    146.261  TILE 10  PFT 10 FRAC     0.08
  2236     0.000      0.000      0.000      0.000      0.401      4.726      5.127      0.000      0.000      0.000      0.000    371.953      0.000    223.204    148.749  TILE 10  PFT 10 FRAC     0.08
  2237     0.000      0.000      0.000      0.000      0.424      5.001      5.425      0.000      0.000      0.000      0.000    385.488      0.000    230.740    154.747  TILE 10  PFT 10 FRAC     0.07
  2238     0.000      0.000      0.000      0.000      0.481      5.020      5.502      0.000      0.000      0.000      0.000    363.652      0.000    199.136    164.517  TILE 10  PFT 10 FRAC     0.10
  2239     0.000      0.000      0.000      0.000      0.398      5.056      5.454      0.000      0.000      0.000      0.000    378.118      0.000    216.999    161.119  TILE 10  PFT 10 FRAC     0.09
  2240     0.000      0.000      0.000      0.000      0.418      5.007      5.425      0.000      0.000      0.000      0.000    330.387      0.000    168.681    161.705  TILE 10  PFT 10 FRAC     0.11
  2241     0.000      0.000      0.000      0.000      0.341      4.962      5.303      0.000      0.000      0.000      0.000    361.624      0.000    194.929    166.695  TILE 10  PFT 10 FRAC     0.11
  2242     0.000      0.000      0.000      0.000      0.298      4.708      5.005      0.000      0.000      0.000      0.000    323.546      0.000    163.091    160.455  TILE 10  PFT 10 FRAC     0.10
  2243     0.000      0.000      0.000      0.000      0.306      4.444      4.750      0.000      0.000      0.000      0.000    306.833      0.000    156.122    150.711  TILE 10  PFT 10 FRAC     0.10
  2244     0.000      0.000      0.000      0.000      0.307      4.301      4.608      0.000      0.000      0.000      0.000    311.078      0.000    164.275    146.802  TILE 10  PFT 10 FRAC     0.09
  2245     0.000      0.000      0.000      0.000      0.347      4.156      4.503      0.000      0.000      0.000      0.000    284.309      0.000    151.086    133.223  TILE 10  PFT 10 FRAC     0.09
  2246     0.000      0.000      0.000      0.000      0.355      4.196      4.551      0.000      0.000      0.000      0.000    302.455      0.000    169.793    132.662  TILE 10  PFT 10 FRAC     0.09
  2247     0.000      0.000      0.000      0.000      0.366      4.202      4.567      0.000      0.000      0.000      0.000    299.556      0.000    166.342    133.214  TILE 10  PFT 10 FRAC     0.09
  2248     0.000      0.000      0.000      0.000      0.351      4.328      4.679      0.000      0.000      0.000      0.000    327.005      0.000    188.508    138.497  TILE 10  PFT 10 FRAC     0.08
  2249     0.000      0.000      0.000      0.000      0.387      4.407      4.794      0.000      0.000      0.000      0.000    333.558      0.000    190.944    142.614  TILE 10  PFT 10 FRAC     0.08
  2250     0.000      0.000      0.000      0.000      0.412      4.615      5.027      0.000      0.000      0.000      0.000    362.292      0.000    211.856    150.436  TILE 10  PFT 10 FRAC     0.08
  2251     0.000      0.000      0.000      0.000      0.394      4.844      5.238      0.000      0.000      0.000      0.000    385.969      0.000    228.432    157.537  TILE 10  PFT 10 FRAC     0.08
  2252     0.000      0.000      0.000      0.000      0.398      4.843      5.240      0.000      0.000      0.000      0.000    366.293      0.000    206.536    159.758  TILE 10  PFT 10 FRAC     0.08
  2253     0.000      0.000      0.000      0.000      0.375      4.904      5.279      0.000      0.000      0.000      0.000    371.098      0.000    215.474    155.624  TILE 10  PFT 10 FRAC     0.08
  2254     0.000      0.000      0.000      0.000      0.381      5.056      5.437      0.000      0.000      0.000      0.000    370.252      0.000    208.189    162.064  TILE 10  PFT 10 FRAC     0.09
  2255     0.000      0.000      0.000      0.000      0.366      4.961      5.327      0.000      0.000      0.000      0.000    361.666      0.000    196.277    165.389  TILE 10  PFT 10 FRAC     0.09
  2256     0.000      0.000      0.000      0.000      0.317      4.854      5.171      0.000      0.000      0.000      0.000    349.861      0.000    188.599    161.261  TILE 10  PFT 10 FRAC     0.08
  2257     0.000      0.000      0.000      0.000      0.334      4.833      5.166      0.000      0.000      0.000      0.000    339.592      0.000    183.515    156.076  TILE 10  PFT 10 FRAC     0.08
  2258     0.000      0.000      0.000      0.000      0.361      4.919      5.280      0.000      0.000      0.000      0.000    347.447      0.000    192.632    154.816  TILE 10  PFT 10 FRAC     0.08
  2259     0.000      0.000      0.000      0.000      0.418      4.981      5.399      0.000      0.000      0.000      0.000    342.379      0.000    184.779    157.600  TILE 10  PFT 10 FRAC     0.09
  2260     0.000      0.000      0.000      0.000      0.401      4.955      5.357      0.000      0.000      0.000      0.000    346.399      0.000    191.009    155.390  TILE 10  PFT 10 FRAC     0.10
  2261     0.000      0.000      0.000      0.000      0.371      4.872      5.243      0.000      0.000      0.000      0.000    338.081      0.000    182.685    155.395  TILE 10  PFT 10 FRAC     0.10
  2262     0.000      0.000      0.000      0.000      0.393      4.887      5.280      0.000      0.000      0.000      0.000    347.132      0.000    187.650    159.483  TILE 10  PFT 10 FRAC     0.11
  2263     0.000      0.000      0.000      0.000      0.333      4.864      5.197      0.000      0.000      0.000      0.000    349.878      0.000    194.628    155.250  TILE 10  PFT 10 FRAC     0.10
  2264     0.000      0.000      0.000      0.000      0.355      4.618      4.973      0.000      0.000      0.000      0.000    307.445      0.000    155.112    152.333  TILE 10  PFT 10 FRAC     0.11
  2265     0.000      0.000      0.000      0.000      0.324      4.458      4.781      0.000      0.000      0.000      0.000    318.518      0.000    173.377    145.141  TILE 10  PFT 10 FRAC     0.11
  2266     0.000      0.000      0.000      0.000      0.305      4.428      4.733      0.000      0.000      0.000      0.000    303.175      0.000    159.053    144.123  TILE 10  PFT 10 FRAC     0.10
  2267     0.000      0.000      0.000      0.000      0.332      4.305      4.637      0.000      0.000      0.000      0.000    281.615      0.000    142.869    138.746  TILE 10  PFT 10 FRAC     0.10
  2268     0.000      0.000      0.000      0.000      0.301      4.281      4.582      0.000      0.000      0.000      0.000    305.117      0.000    164.480    140.637  TILE 10  PFT 10 FRAC     0.10
  2269     0.000      0.000      0.000      0.000      0.297      4.165      4.462      0.000      0.000      0.000      0.000    275.145      0.000    139.411    135.734  TILE 10  PFT 10 FRAC     0.09
  2270     0.000      0.000      0.000      0.000      0.293      4.259      4.552      0.000      0.000      0.000      0.000    301.240      0.000    167.761    133.479  TILE 10  PFT 10 FRAC     0.09
  2271     0.000      0.000      0.000      0.000      0.309      4.133      4.443      0.000      0.000      0.000      0.000    296.952      0.000    158.661    138.291  TILE 10  PFT 10 FRAC     0.08
  2272     0.000      0.000      0.000      0.000      0.357      4.088      4.446      0.000      0.000      0.000      0.000    302.416      0.000    168.782    133.634  TILE 10  PFT 10 FRAC     0.09
  2273     0.000      0.000      0.000      0.000      0.362      4.148      4.510      0.000      0.000      0.000      0.000    318.012      0.000    186.042    131.970  TILE 10  PFT 10 FRAC     0.09
  2274     0.000      0.000      0.000      0.000      0.351      4.222      4.574      0.000      0.000      0.000      0.000    325.290      0.000    188.489    136.801  TILE 10  PFT 10 FRAC     0.09
  2275     0.000      0.000      0.000      0.000      0.356      4.403      4.760      0.000      0.000      0.000      0.000    355.686      0.000    209.557    146.129  TILE 10  PFT 10 FRAC     0.08
  2276     0.000      0.000      0.000      0.000      0.400      4.719      5.119      0.000      0.000      0.000      0.000    371.124      0.000    222.581    148.542  TILE 10  PFT 10 FRAC     0.08
  2277     0.000      0.000      0.000      0.000      0.423      4.992      5.415      0.000      0.000      0.000      0.000    384.803      0.000    230.303    154.500  TILE 10  PFT 10 FRAC     0.07
  2278     0.000      0.000      0.000      0.000      0.481      5.012      5.493      0.000      0.000      0.000      0.000    363.119      0.000    198.864    164.255  TILE 10  PFT 10 FRAC     0.10
  2279     0.000      0.000      0.000      0.000      0.398      5.050      5.447      0.000      0.000      0.000      0.000    377.676      0.000    216.801    160.874  TILE 10  PFT 10 FRAC     0.09
  2280     0.000      0.000      0.000      0.000      0.418      5.003      5.421      0.000      0.000      0.000      0.000    330.307      0.000    168.759    161.548  TILE 10  PFT 10 FRAC     0.11
  2281     0.000      0.000      0.000      0.000      0.341      4.960      5.302      0.000      0.000      0.000      0.000    361.691      0.000    195.082    166.608  TILE 10  PFT 10 FRAC     0.11
  2282     0.000      0.000      0.000      0.000      0.298      4.707      5.005      0.000      0.000      0.000      0.000    323.669      0.000    163.244    160.426  TILE 10  PFT 10 FRAC     0.10
  2283     0.000      0.000      0.000      0.000      0.306      4.445      4.752      0.000      0.000      0.000      0.000    306.940      0.000    156.218    150.721  TILE 10  PFT 10 FRAC     0.10
  2284     0.000      0.000      0.000      0.000      0.307      4.304      4.611      0.000      0.000      0.000      0.000    311.227      0.000    164.379    146.847  TILE 10  PFT 10 FRAC     0.09
  2285     0.000      0.000      0.000      0.000      0.347      4.159      4.506      0.000      0.000      0.000      0.000    284.549      0.000    151.253    133.296  TILE 10  PFT 10 FRAC     0.09
  2286     0.000      0.000      0.000      0.000      0.356      4.199      4.554      0.000      0.000      0.000      0.000    302.707      0.000    169.961    132.747  TILE 10  PFT 10 FRAC     0.09
  2287     0.000      0.000      0.000      0.000      0.366      4.204      4.570      0.000      0.000      0.000      0.000    299.798      0.000    166.507    133.291  TILE 10  PFT 10 FRAC     0.09
  2288     0.000      0.000      0.000      0.000      0.351      4.332      4.683      0.000      0.000      0.000      0.000    327.256      0.000    188.659    138.597  TILE 10  PFT 10 FRAC     0.08
  2289     0.000      0.000      0.000      0.000      0.387      4.411      4.798      0.000      0.000      0.000      0.000    333.840      0.000    191.101    142.739  TILE 10  PFT 10 FRAC     0.08
  2290     0.000      0.000      0.000      0.000      0.412      4.619      5.031      0.000      0.000      0.000      0.000    362.493      0.000    211.922    150.570  TILE 10  PFT 10 FRAC     0.08
  2291     0.000      0.000      0.000      0.000      0.394      4.847      5.241      0.000      0.000      0.000      0.000    386.117      0.000    228.463    157.654  TILE 10  PFT 10 FRAC     0.08
  2292     0.000      0.000      0.000      0.000      0.398      4.845      5.242      0.000      0.000      0.000      0.000    366.314      0.000    206.483    159.831  TILE 10  PFT 10 FRAC     0.08
  2293     0.000      0.000      0.000      0.000      0.375      4.906      5.281      0.000      0.000      0.000      0.000    371.144      0.000    215.466    155.678  TILE 10  PFT 10 FRAC     0.08
  2294     0.000      0.000      0.000      0.000      0.381      5.057      5.439      0.000      0.000      0.000      0.000    370.308      0.000    208.195    162.114  TILE 10  PFT 10 FRAC     0.09
  2295     0.000      0.000      0.000      0.000      0.366      4.962      5.328      0.000      0.000      0.000      0.000    361.661      0.000    196.228    165.433  TILE 10  PFT 10 FRAC     0.09
  2296     0.000      0.000      0.000      0.000      0.316      4.853      5.169      0.000      0.000      0.000      0.000    349.761      0.000    188.497    161.264  TILE 10  PFT 10 FRAC     0.08
  2297     0.000      0.000      0.000      0.000      0.333      4.831      5.164      0.000      0.000      0.000      0.000    339.398      0.000    183.355    156.043  TILE 10  PFT 10 FRAC     0.08
  2298     0.000      0.000      0.000      0.000      0.360      4.916      5.276      0.000      0.000      0.000      0.000    347.135      0.000    192.393    154.741  TILE 10  PFT 10 FRAC     0.08
  2299     0.000      0.000      0.000      0.000      0.418      4.976      5.394      0.000      0.000      0.000      0.000    342.043      0.000    184.565    157.478  TILE 10  PFT 10 FRAC     0.09
  2300     0.000      0.000      0.000      0.000      0.401      4.953      5.355      0.000      0.000      0.000      0.000    346.269      0.000    190.978    155.291  TILE 10  PFT 10 FRAC     0.10
