  1902     0.849      0.099      0.000      0.077      0.044      0.024      0.167    268.886    416.614    231.985    231.976     36.901    147.728     36.197      0.704  TILE  8  PFT  8 FRAC     0.03
  1903     2.471      0.380      0.000      0.300      0.144      0.075      0.600    670.114    962.790    636.097    635.986     34.017    292.676     33.023      0.994  TILE  8  PFT  8 FRAC     0.09
  1904     2.040      0.433      0.000      0.380      0.292      0.397      1.122    522.198    828.353    409.638    404.107    112.560    306.155    109.128      3.432  TILE  8  PFT  8 FRAC     0.08
  1905     2.140      0.395      0.000      0.337      0.377      0.688      1.461    568.734    889.212    398.166    379.333    170.568    320.479    162.527      8.041  TILE  8  PFT  8 FRAC     0.16
  1906     2.523      0.500      0.000      0.432      0.531      1.275      2.305    648.524   1002.055    435.833    400.980    212.691    353.531    199.866     12.825  TILE  8  PFT  8 FRAC     0.22
  1907     2.298      0.623      0.000      0.559      0.535      2.001      3.159    584.510    947.203    322.265    252.930    262.244    362.693    242.073     20.171  TILE  8  PFT  8 FRAC     0.24
  1908     2.988      0.824      0.000      0.726      0.565      2.652      4.042    771.436   1208.452    479.960    408.614    291.476    437.016    262.288     29.188  TILE  8  PFT  8 FRAC     0.28
  1909     2.832      0.996      0.000      0.901      0.611      3.351      4.957    779.369   1277.504    446.774    356.732    332.595    498.135    295.149     37.447  TILE  8  PFT  8 FRAC     0.28
  1910     3.288      1.232      0.000      1.105      0.634      3.981      5.846    921.770   1482.718    538.832    416.851    382.939    560.948    335.845     47.094  TILE  8  PFT  8 FRAC     0.27
  1911     3.076      1.428      0.000      1.312      0.735      4.781      6.944    939.465   1577.370    506.983    357.164    432.482    637.904    376.387     56.096  TILE  8  PFT  8 FRAC     0.24
  1912     2.929      1.606      0.000      1.505      0.877      6.023      8.507    808.642   1436.188    337.115    149.601    471.527    627.546    409.581     61.946  TILE  8  PFT  8 FRAC     0.18
  1913     3.286      1.848      0.000      1.736      0.968      7.437     10.253    841.639   1510.985    284.881     63.657    556.759    669.345    474.701     82.057  TILE  8  PFT  8 FRAC     0.13
  1914     3.323      1.949      0.000      1.833      1.015      8.468     11.432    858.216   1565.397    231.874     21.394    626.342    707.181    527.184     99.158  TILE  8  PFT  8 FRAC     0.10
  1915     3.427      1.813      0.000      1.694      0.890      8.172     10.875    924.171   1664.674    240.688     19.247    683.483    740.503    568.146    115.337  TILE  8  PFT  8 FRAC     0.09
  1916     3.430      1.538      0.000      1.424      0.757      6.757      9.052    939.026   1655.790    330.399    122.720    608.627    716.764    504.203    104.424  TILE  8  PFT  8 FRAC     0.09
  1917     3.116      1.224      0.000      1.112      0.653      5.020      6.898    966.089   1626.431    461.456    316.250    504.632    660.343    422.785     81.848  TILE  8  PFT  8 FRAC     0.12
  1918     1.729      1.207      0.000      1.147      0.738      5.448      7.393    593.286   1101.286    200.887     57.598    392.399    508.001    331.862     60.536  TILE  8  PFT  8 FRAC     0.10
  1919     3.033      1.077      0.000      0.971      0.584      4.433      6.094    857.023   1423.043    414.874    304.402    442.150    566.020    371.967     70.183  TILE  8  PFT  8 FRAC     0.13
  1920     1.672      1.115      0.000      1.056      0.680      4.992      6.787    585.080   1067.595    229.510    101.997    355.570    482.515    302.906     52.664  TILE  8  PFT  8 FRAC     0.11
  1921     2.854      1.055      0.000      0.960      0.550      4.375      5.980    734.368   1247.473    326.841    189.055    407.526    513.105    342.125     65.401  TILE  8  PFT  8 FRAC     0.13
  1922     3.029      1.093      0.000      0.985      0.549      4.060      5.702    895.040   1462.448    527.106    432.280    367.935    567.407    311.378     56.557  TILE  8  PFT  8 FRAC     0.14
  1923     2.924      1.141      0.000      1.039      0.587      4.114      5.842    802.783   1347.610    445.798    332.928    356.985    544.827    307.570     49.415  TILE  8  PFT  8 FRAC     0.15
  1924     3.049      1.226      0.000      1.107      0.596      4.285      6.108    862.503   1428.622    472.099    363.458    390.404    566.119    335.707     54.697  TILE  8  PFT  8 FRAC     0.15
  1925     2.862      1.336      0.000      1.239      0.715      4.805      6.856    828.940   1424.933    432.816    306.353    396.125    595.992    340.719     55.405  TILE  8  PFT  8 FRAC     0.13
  1926     2.978      1.465      0.000      1.365      0.781      5.529      7.775    799.092   1388.772    356.051    204.049    443.041    589.680    382.880     60.161  TILE  8  PFT  8 FRAC     0.11
  1927     3.310      1.552      0.000      1.441      0.787      5.903      8.241    865.386   1506.614    362.514    186.516    502.872    641.228    427.437     75.435  TILE  8  PFT  8 FRAC     0.09
  1928     3.471      1.531      0.000      1.414      0.743      5.801      8.075    923.304   1606.400    381.088    203.124    542.216    683.096    459.384     82.832  TILE  8  PFT  8 FRAC     0.08
  1929     3.149      1.446      0.000      1.340      0.727      5.327      7.499    948.468   1630.851    453.664    281.661    494.804    682.383    420.616     74.188  TILE  8  PFT  8 FRAC     0.08
  1930     3.038      1.289      0.000      1.183      0.642      4.619      6.550    852.288   1477.370    378.963    215.434    473.325    625.082    402.590     70.735  TILE  8  PFT  8 FRAC     0.08
  1931     3.182      1.185      0.000      1.066      0.586      3.969      5.741    936.716   1551.895    506.524    384.540    430.192    615.179    370.249     59.943  TILE  8  PFT  8 FRAC     0.10
  1932     3.123      1.198      0.000      1.090      0.620      3.925      5.743    931.391   1554.038    528.658    419.796    402.733    622.647    350.214     52.519  TILE  8  PFT  8 FRAC     0.11
  1933     3.244      1.257      0.000      1.136      0.635      4.045      5.938    918.410   1509.785    513.715    414.001    404.695    591.375    353.394     51.300  TILE  8  PFT  8 FRAC     0.12
  1934     3.211      1.362      0.000      1.247      0.678      4.228      6.268    958.096   1586.932    546.531    401.634    411.565    628.836    359.654     51.911  TILE  8  PFT  8 FRAC     0.12
  1935     3.254      1.449      0.000      1.337      0.709      4.504      6.662    931.208   1579.914    490.788    332.979    440.419    648.707    384.769     55.650  TILE  8  PFT  8 FRAC     0.11
  1936     3.498      1.541      0.000      1.411      0.722      4.835      7.098   1021.115   1709.896    540.877    422.293    480.238    688.780    417.936     62.302  TILE  8  PFT  8 FRAC     0.11
  1937     3.504      1.654      0.000      1.525      0.770      5.216      7.640   1053.181   1773.246    547.708    391.204    505.473    720.065    439.317     66.156  TILE  8  PFT  8 FRAC     0.10
  1938     3.532      1.733      0.000      1.607      0.821      5.585      8.138   1043.455   1775.908    514.322    347.442    529.134    732.452    458.996     70.138  TILE  8  PFT  8 FRAC     0.09
  1939     3.066      1.865      0.000      1.763      0.932      6.380      9.177    831.148   1519.266    307.496     67.733    523.652    688.118    451.701     71.951  TILE  8  PFT  8 FRAC     0.07
  1940     3.119      1.954      0.000      1.847      0.971      7.071      9.996    842.285   1546.407    266.647     28.548    575.638    704.122    493.969     81.668  TILE  8  PFT  8 FRAC     0.06
  1941     3.166      1.842      0.000      1.741      0.937      7.143      9.923    875.102   1590.108    272.670     70.066    602.431    715.007    513.880     88.551  TILE  8  PFT  8 FRAC     0.05
  1942     2.690      1.814      0.000      1.722      0.901      7.231      9.946    669.304   1321.621     98.314   -205.790    570.991    652.316    480.753     90.238  TILE  8  PFT  8 FRAC     0.04
  1943     3.198      1.343      0.000      1.238      0.610      5.002      6.955    896.203   1577.310    317.874    100.804    578.329    681.107    486.769     91.560  TILE  8  PFT  8 FRAC     0.05
  1944     1.870      1.296      0.000      1.226      0.708      5.252      7.256    607.776   1129.615    221.076     87.587    386.700    521.839    326.976     59.724  TILE  8  PFT  8 FRAC     0.04
  1945     2.597      0.985      0.000      0.901      0.495      3.768      5.248    701.945   1219.201    284.545    157.539    417.400    517.257    353.737     63.663  TILE  8  PFT  8 FRAC     0.05
  1946     2.726      0.856      0.000      0.774      0.450      2.919      4.224    773.243   1283.336    458.099    388.282    315.144    510.093    269.613     45.531  TILE  8  PFT  8 FRAC     0.07
  1947     2.274      0.857      0.000      0.787      0.491      2.947      4.295    624.618   1071.145    346.512    281.920    278.106    446.527    241.346     36.760  TILE  8  PFT  8 FRAC     0.08
  1948     2.879      0.889      0.000      0.794      0.460      2.747      4.095    754.846   1230.415    453.841    385.062    301.005    475.569    262.487     38.518  TILE  8  PFT  8 FRAC     0.09
  1949     2.819      0.971      0.000      0.879      0.516      2.882      4.369    775.926   1279.474    479.986    416.137    295.939    503.548    259.452     36.487  TILE  8  PFT  8 FRAC     0.10
  1950     3.255      1.137      0.000      1.014      0.532      3.038      4.707    919.385   1469.968    584.558    495.587    334.827    550.583    295.131     39.696  TILE  8  PFT  8 FRAC     0.11
  1951     3.139      1.335      0.000      1.219      0.657      3.654      5.646    938.631   1556.886    566.024    456.431    372.607    618.254    329.444     43.163  TILE  8  PFT  8 FRAC     0.10
  1952     2.923      1.475      0.000      1.375      0.779      4.508      6.762    811.754   1419.614    393.363    240.986    418.391    607.860    370.610     47.781  TILE  8  PFT  8 FRAC     0.07
  1953     3.226      1.572      0.000      1.467      0.799      5.135      7.506    828.174   1463.940    343.417    165.295    484.757    635.766    422.834     61.923  TILE  8  PFT  8 FRAC     0.06
  1954     3.262      1.557      0.000      1.450      0.781      5.375      7.713    842.925   1491.283    336.080    170.377    506.846    648.358    437.677     69.168  TILE  8  PFT  8 FRAC     0.05
  1955     3.408      1.426      0.000      1.312      0.672      4.882      6.980    926.832   1597.430    403.722    239.750    523.109    670.598    448.785     74.325  TILE  8  PFT  8 FRAC     0.05
  1956     3.064      1.192      0.000      1.078      0.571      3.845      5.607    927.023   1563.072    476.909    346.675    450.114    636.049    387.704     62.411  TILE  8  PFT  8 FRAC     0.06
  1957     3.162      1.138      0.000      1.021      0.565      3.402      5.106    969.021   1577.131    579.640    490.029    389.381    608.110    339.922     49.459  TILE  8  PFT  8 FRAC     0.08
  1958     1.719      1.156      0.000      1.095      0.692      4.012      5.859    606.744   1108.292    261.454    144.914    345.290    501.548    302.388     42.902  TILE  8  PFT  8 FRAC     0.06
  1959     3.128      1.132      0.000      1.022      0.571      3.635      5.338    872.776   1439.529    460.669    360.385    412.107    566.752    357.828     54.280  TILE  8  PFT  8 FRAC     0.08
  1960     1.703      1.216      0.000      1.155      0.715      4.434      6.365    596.052   1095.786    247.723    118.419    348.329    499.734    303.953     44.375  TILE  8  PFT  8 FRAC     0.06
  1961     2.920      1.145      0.000      1.050      0.568      3.961      5.674    743.029   1278.131    323.542    171.131    419.487    535.102    360.111     59.375  TILE  8  PFT  8 FRAC     0.07
  1962     3.028      1.125      0.000      1.019      0.545      3.554      5.224    889.629   1470.066    513.888    411.711    375.740    580.438    323.853     51.887  TILE  8  PFT  8 FRAC     0.07
  1963     2.909      1.127      0.000      1.028      0.567      3.506      5.200    794.845   1341.933    442.985    332.260    351.860    547.088    307.887     43.973  TILE  8  PFT  8 FRAC     0.07
  1964     3.002      1.145      0.000      1.031      0.550      3.442      5.137    852.949   1411.263    478.758    377.261    374.191    558.315    326.995     47.196  TILE  8  PFT  8 FRAC     0.08
  1965     2.767      1.179      0.000      1.087      0.627      3.635      5.441    810.266   1381.306    450.581    344.260    359.685    571.040    314.878     44.808  TILE  8  PFT  8 FRAC     0.07
  1966     2.801      1.217      0.000      1.122      0.643      3.925      5.786    772.873   1320.165    390.225    275.761    382.648    547.292    336.695     45.953  TILE  8  PFT  8 FRAC     0.07
  1967     3.013      1.183      0.000      1.079      0.596      3.694      5.473    852.698   1436.147    446.893    327.976    405.805    583.449    352.488     53.316  TILE  8  PFT  8 FRAC     0.07
  1968     3.147      1.175      0.000      1.059      0.563      3.522      5.261    910.340   1515.623    503.984    401.075    406.356    605.283    354.037     52.318  TILE  8  PFT  8 FRAC     0.08
  1969     3.055      1.216      0.000      1.109      0.616      3.526      5.358    957.054   1582.545    571.891    462.979    385.162    625.491    338.230     46.933  TILE  8  PFT  8 FRAC     0.08
  1970     3.108      1.231      0.000      1.120      0.607      3.573      5.412    874.019   1471.010    472.967    350.960    401.052    596.991    351.724     49.327  TILE  8  PFT  8 FRAC     0.08
  1971     3.309      1.276      0.000      1.151      0.602      3.607      5.485    959.844   1579.522    550.352    436.688    409.492    619.678    360.644     48.849  TILE  8  PFT  8 FRAC     0.09
  1972     3.205      1.330      0.000      1.219      0.657      3.855      5.842    949.813   1598.090    534.860    417.227    414.953    648.276    365.785     49.169  TILE  8  PFT  8 FRAC     0.09
  1973     3.304      1.374      0.000      1.252      0.669      4.059      6.102    926.738   1549.563    496.516    381.959    430.222    622.826    378.986     51.235  TILE  8  PFT  8 FRAC     0.09
  1974     3.229      1.445      0.000      1.331      0.700      4.222      6.367    955.756   1604.293    523.426    363.066    432.330    648.537    379.845     52.485  TILE  8  PFT  8 FRAC     0.08
  1975     3.252      1.487      0.000      1.377      0.717      4.412      6.616    926.322   1586.553    473.436    306.883    452.886    660.231    397.162     55.724  TILE  8  PFT  8 FRAC     0.08
  1976     3.465      1.522      0.000      1.395      0.711      4.588      6.821   1014.548   1706.237    529.690    408.538    484.859    691.688    423.604     61.255  TILE  8  PFT  8 FRAC     0.08
  1977     3.455      1.568      0.000      1.442      0.729      4.715      7.012   1045.413   1756.310    552.668    402.400    492.745    710.898    430.210     62.535  TILE  8  PFT  8 FRAC     0.08
  1978     3.460      1.592      0.000      1.469      0.754      4.825      7.171   1037.276   1749.185    540.310    390.969    496.966    711.909    433.785     63.181  TILE  8  PFT  8 FRAC     0.07
  1979     3.052      1.705      0.000      1.604      0.856      5.494      8.055    833.988   1494.708    354.246    148.347    479.742    660.720    417.121     62.621  TILE  8  PFT  8 FRAC     0.06
  1980     3.087      1.758      0.000      1.654      0.872      5.921      8.551    844.078   1520.489    318.524     99.848    525.554    676.411    454.876     70.679  TILE  8  PFT  8 FRAC     0.05
  1981     3.146      1.667      0.000      1.568      0.844      5.931      8.443    880.535   1564.414    340.643    157.629    539.892    683.879    465.218     74.674  TILE  8  PFT  8 FRAC     0.05
  1982     2.667      1.606      0.000      1.516      0.798      5.858      8.262    677.706   1296.854    166.520   -102.810    511.187    619.147    435.863     75.324  TILE  8  PFT  8 FRAC     0.04
  1983     3.047      1.186      0.000      1.081      0.533      3.952      5.671    900.976   1542.917    396.200    218.983    504.777    641.941    430.765     74.012  TILE  8  PFT  8 FRAC     0.05
  1984     1.831      1.172      0.000      1.102      0.649      4.321      6.143    608.422   1103.021    266.781    161.692    341.641    494.599    293.555     48.085  TILE  8  PFT  8 FRAC     0.04
  1985     2.639      0.971      0.000      0.884      0.495      3.416      4.883    710.897   1212.888    326.943    218.508    383.954    501.991    330.206     53.748  TILE  8  PFT  8 FRAC     0.06
  1986     2.800      0.905      0.000      0.820      0.473      2.890      4.268    790.555   1307.854    475.281    403.658    315.274    517.300    272.811     42.462  TILE  8  PFT  8 FRAC     0.07
  1987     2.304      0.926      0.000      0.854      0.527      3.057      4.510    641.995   1105.239    349.790    275.917    292.205    463.244    255.226     36.978  TILE  8  PFT  8 FRAC     0.07
  1988     2.920      0.951      0.000      0.854      0.485      2.878      4.313    773.889   1269.187    452.088    371.467    321.801    495.298    281.574     40.227  TILE  8  PFT  8 FRAC     0.08
  1989     2.843      1.018      0.000      0.925      0.537      3.006      4.561    790.931   1311.362    477.563    405.394    313.368    520.431    274.979     38.389  TILE  8  PFT  8 FRAC     0.09
  1990     3.212      1.139      0.000      1.018      0.535      3.067      4.741    912.470   1468.582    564.086    467.536    348.384    556.113    307.041     41.344  TILE  8  PFT  8 FRAC     0.09
  1991     3.153      1.315      0.000      1.201      0.650      3.617      5.582    930.350   1544.908    557.712    448.654    372.638    614.559    329.215     43.423  TILE  8  PFT  8 FRAC     0.08
  1992     2.920      1.429      0.000      1.330      0.754      4.342      6.525    808.451   1410.106    396.451    248.972    412.000    601.655    364.953     47.047  TILE  8  PFT  8 FRAC     0.06
  1993     3.203      1.482      0.000      1.379      0.753      4.767      7.002    826.137   1450.552    358.333    192.620    467.804    624.415    408.454     59.350  TILE  8  PFT  8 FRAC     0.06
  1994     3.214      1.432      0.000      1.327      0.721      4.819      6.972    835.496   1462.195    360.512    215.582    474.983    626.700    411.232     63.752  TILE  8  PFT  8 FRAC     0.05
  1995     3.314      1.321      0.000      1.207      0.627      4.354      6.301    924.025   1569.775    441.058    301.289    482.966    645.750    416.289     66.677  TILE  8  PFT  8 FRAC     0.06
  1996     3.083      1.170      0.000      1.055      0.562      3.632      5.364    930.711   1549.621    507.762    393.138    422.949    618.910    366.516     56.433  TILE  8  PFT  8 FRAC     0.07
  1997     3.196      1.163      0.000      1.044      0.573      3.377      5.113    977.392   1587.297    591.888    503.500    385.504    609.905    338.115     47.389  TILE  8  PFT  8 FRAC     0.08
  1998     1.728      1.190      0.000      1.128      0.709      4.052      5.951    609.739   1117.850    259.186    137.972    350.552    508.112    307.701     42.851  TILE  8  PFT  8 FRAC     0.06
  1999     3.155      1.170      0.000      1.059      0.584      3.730      5.484    876.711   1451.299    454.914    349.660    421.797    574.589    366.664     55.133  TILE  8  PFT  8 FRAC     0.08
  2000     1.715      1.253      0.000      1.192      0.732      4.554      6.540    598.028   1105.419    241.618    105.873    356.411    507.391    310.948     45.462  TILE  8  PFT  8 FRAC     0.06
  2001     2.927      1.177      0.000      1.081      0.582      4.073      5.832    743.509   1286.439    313.913    153.620    429.596    542.930    368.680     60.916  TILE  8  PFT  8 FRAC     0.06
  2002     3.016      1.128      0.000      1.023      0.546      3.581      5.255    885.837   1470.110    502.315    395.553    383.522    584.272    330.347     53.175  TILE  8  PFT  8 FRAC     0.07
  2003     2.895      1.112      0.000      1.014      0.559      3.462      5.133    791.013   1336.133    439.283    328.868    351.730    545.120    307.558     44.172  TILE  8  PFT  8 FRAC     0.07
  2004     2.979      1.119      0.000      1.006      0.537      3.345      5.001    850.154   1404.423    480.254    381.201    369.900    554.269    323.291     46.609  TILE  8  PFT  8 FRAC     0.07
  2005     2.732      1.147      0.000      1.056      0.611      3.506      5.264    803.731   1366.718    451.642    349.821    352.090    562.987    308.531     43.559  TILE  8  PFT  8 FRAC     0.07
  2006     2.728      1.156      0.000      1.064      0.612      3.683      5.451    763.580   1300.557    391.633    283.446    371.947    536.978    327.766     44.181  TILE  8  PFT  8 FRAC     0.07
  2007     3.014      1.149      0.000      1.044      0.579      3.505      5.232    856.489   1430.794    467.772    359.255    388.717    574.305    338.404     50.312  TILE  8  PFT  8 FRAC     0.08
  2008     3.156      1.166      0.000      1.049      0.558      3.417      5.141    913.447   1514.797    517.049    419.118    396.398    601.350    346.435     49.963  TILE  8  PFT  8 FRAC     0.08
  2009     3.063      1.220      0.000      1.112      0.617      3.482      5.320    959.449   1584.714    577.426    469.772    382.023    625.266    336.254     45.768  TILE  8  PFT  8 FRAC     0.08
  2010     3.120      1.246      0.000      1.134      0.613      3.580      5.439    875.985   1474.968    473.742    350.674    402.244    598.983    353.298     48.945  TILE  8  PFT  8 FRAC     0.08
  2011     3.319      1.294      0.000      1.169      0.609      3.646      5.549    960.481   1583.352    547.530    431.785    412.950    622.872    363.896     49.054  TILE  8  PFT  8 FRAC     0.09
  2012     3.211      1.348      0.000      1.237      0.665      3.906      5.919    951.308   1603.216    531.793    411.495    419.515    651.908    369.804     49.711  TILE  8  PFT  8 FRAC     0.08
  2013     3.304      1.386      0.000      1.264      0.675      4.108      6.169    925.648   1551.136    490.550    373.454    435.097    625.489    383.174     51.923  TILE  8  PFT  8 FRAC     0.09
  2014     3.228      1.450      0.000      1.336      0.702      4.247      6.399    955.399   1605.749    519.904    357.136    435.495    650.350    382.448     53.047  TILE  8  PFT  8 FRAC     0.08
  2015     3.250      1.484      0.000      1.375      0.715      4.407      6.607    926.172   1586.644    472.252    305.192    453.921    660.471    397.951     55.970  TILE  8  PFT  8 FRAC     0.08
  2016     3.458      1.512      0.000      1.385      0.706      4.551      6.769   1013.266   1703.594    529.803    409.262    483.463    690.328    422.346     61.117  TILE  8  PFT  8 FRAC     0.08
  2017     3.451      1.557      0.000      1.431      0.724      4.669      6.950   1043.554   1751.935    553.791    405.139    489.764    708.380    427.704     62.059  TILE  8  PFT  8 FRAC     0.08
  2018     3.454      1.579      0.000      1.456      0.747      4.765      7.091   1036.708   1745.376    543.647    396.524    493.061    708.668    430.574     62.488  TILE  8  PFT  8 FRAC     0.07
  2019     3.048      1.692      0.000      1.591      0.850      5.430      7.972    834.709   1493.201    359.040    156.772    475.669    658.492    413.838     61.831  TILE  8  PFT  8 FRAC     0.06
  2020     3.090      1.750      0.000      1.646      0.868      5.866      8.485    845.183   1519.503    323.280    106.517    521.903    674.320    451.991     69.912  TILE  8  PFT  8 FRAC     0.05
  2021     3.146      1.663      0.000      1.563      0.842      5.888      8.393    881.146   1563.999    343.610    161.142    537.536    682.854    463.480     74.056  TILE  8  PFT  8 FRAC     0.05
  2022     2.669      1.601      0.000      1.510      0.796      5.818      8.214    678.266   1296.326    168.818    -98.876    509.448    618.060    434.655     74.793  TILE  8  PFT  8 FRAC     0.04
  2023     3.050      1.186      0.000      1.081      0.534      3.942      5.662    901.834   1543.241    398.302    221.984    503.532    641.406    429.936     73.596  TILE  8  PFT  8 FRAC     0.05
  2024     1.831      1.174      0.000      1.104      0.650      4.318      6.142    608.412   1103.230    266.767    161.258    341.645    494.818    293.673     47.972  TILE  8  PFT  8 FRAC     0.04
  2025     2.640      0.974      0.000      0.886      0.496      3.420      4.890    711.169   1213.574    326.732    217.996    384.437    502.406    330.699     53.737  TILE  8  PFT  8 FRAC     0.06
  2026     2.800      0.906      0.000      0.821      0.473      2.892      4.272    791.431   1309.480    475.553    403.531    315.877    518.050    273.374     42.503  TILE  8  PFT  8 FRAC     0.07
  2027     2.305      0.927      0.000      0.855      0.528      3.057      4.511    642.153   1105.761    349.571    275.486    292.582    463.608    255.577     37.005  TILE  8  PFT  8 FRAC     0.07
  2028     2.923      0.952      0.000      0.855      0.486      2.880      4.318    774.032   1269.567    451.999    371.254    322.033    495.535    281.792     40.241  TILE  8  PFT  8 FRAC     0.08
  2029     2.841      1.018      0.000      0.926      0.538      3.008      4.564    790.044   1310.405    476.468    404.119    313.576    520.361    275.161     38.415  TILE  8  PFT  8 FRAC     0.09
  2030     3.209      1.139      0.000      1.018      0.534      3.064      4.737    911.646   1467.443    563.342    466.708    348.304    555.797    306.956     41.347  TILE  8  PFT  8 FRAC     0.09
  2031     3.153      1.315      0.000      1.201      0.650      3.613      5.578    930.822   1545.365    558.558    449.749    372.264    614.543    328.888     43.376  TILE  8  PFT  8 FRAC     0.08
  2032     2.921      1.429      0.000      1.331      0.754      4.338      6.522    808.967   1410.750    397.223    249.821    411.744    601.782    364.750     46.994  TILE  8  PFT  8 FRAC     0.06
  2033     3.201      1.481      0.000      1.378      0.752      4.758      6.991    825.716   1450.086    357.823    192.061    467.893    624.370    408.603     59.291  TILE  8  PFT  8 FRAC     0.06
  2034     3.213      1.433      0.000      1.328      0.721      4.821      6.975    834.663   1460.964    360.091    215.230    474.571    626.301    410.929     63.642  TILE  8  PFT  8 FRAC     0.05
  2035     3.325      1.325      0.000      1.212      0.628      4.369      6.322    923.728   1569.919    440.256    299.959    483.472    646.191    416.725     66.747  TILE  8  PFT  8 FRAC     0.06
  2036     3.087      1.172      0.000      1.057      0.562      3.631      5.364    933.688   1554.110    509.841    394.775    423.848    620.421    367.284     56.564  TILE  8  PFT  8 FRAC     0.07
  2037     3.197      1.164      0.000      1.045      0.574      3.381      5.118    975.996   1585.568    590.490    502.095    385.505    609.572    338.115     47.390  TILE  8  PFT  8 FRAC     0.08
  2038     1.734      1.190      0.000      1.128      0.709      4.050      5.949    611.348   1119.984    260.528    139.083    350.819    508.636    307.950     42.869  TILE  8  PFT  8 FRAC     0.06
  2039     3.154      1.169      0.000      1.058      0.584      3.722      5.475    876.676   1451.277    454.890    349.533    421.786    574.601    366.683     55.103  TILE  8  PFT  8 FRAC     0.08
  2040     1.714      1.253      0.000      1.192      0.732      4.546      6.530    597.947   1105.121    241.926    106.363    356.021    507.174    310.639     45.382  TILE  8  PFT  8 FRAC     0.06
  2041     2.926      1.176      0.000      1.080      0.581      4.063      5.820    743.437   1286.106    314.200    154.134    429.237    542.668    368.418     60.819  TILE  8  PFT  8 FRAC     0.06
  2042     3.019      1.128      0.000      1.023      0.547      3.579      5.254    886.125   1470.301    503.017    396.512    383.109    584.176    330.039     53.070  TILE  8  PFT  8 FRAC     0.07
  2043     2.894      1.113      0.000      1.014      0.559      3.460      5.132    791.417   1336.755    439.642    329.140    351.775    545.338    307.637     44.138  TILE  8  PFT  8 FRAC     0.07
  2044     2.980      1.119      0.000      1.006      0.537      3.343      5.000    849.869   1404.205    479.837    380.685    370.032    554.336    323.447     46.584  TILE  8  PFT  8 FRAC     0.07
  2045     2.731      1.148      0.000      1.056      0.611      3.503      5.262    803.848   1366.932    451.874    350.041    351.975    563.084    308.447     43.527  TILE  8  PFT  8 FRAC     0.07
  2046     2.735      1.158      0.000      1.066      0.613      3.685      5.457    764.241   1301.535    392.197    284.016    372.044    537.294    327.871     44.173  TILE  8  PFT  8 FRAC     0.07
  2047     3.012      1.148      0.000      1.043      0.578      3.499      5.225    856.175   1430.639    467.228    358.507    388.948    574.463    338.625     50.323  TILE  8  PFT  8 FRAC     0.08
  2048     3.156      1.165      0.000      1.048      0.558      3.409      5.131    914.255   1515.676    518.264    420.607    395.991    601.422    346.094     49.897  TILE  8  PFT  8 FRAC     0.08
  2049     3.063      1.219      0.000      1.111      0.617      3.472      5.308    959.822   1584.910    578.237    470.800    381.585    625.088    335.929     45.656  TILE  8  PFT  8 FRAC     0.08
  2050     3.119      1.245      0.000      1.133      0.613      3.571      5.428    875.700   1474.376    473.926    351.090    401.774    598.676    352.957     48.817  TILE  8  PFT  8 FRAC     0.08
  2051     3.318      1.293      0.000      1.168      0.608      3.638      5.539    960.217   1582.859    547.526    431.901    412.691    622.642    363.731     48.960  TILE  8  PFT  8 FRAC     0.09
  2052     3.212      1.348      0.000      1.236      0.664      3.898      5.910    951.636   1603.440    532.542    412.418    419.094    651.804    369.475     49.620  TILE  8  PFT  8 FRAC     0.08
  2053     3.306      1.386      0.000      1.264      0.675      4.102      6.163    926.040   1551.511    491.159    374.130    434.881    625.471    383.050     51.831  TILE  8  PFT  8 FRAC     0.09
  2054     3.229      1.450      0.000      1.336      0.701      4.241      6.393    955.473   1605.896    520.172    357.548    435.300    650.423    382.322     52.978  TILE  8  PFT  8 FRAC     0.08
  2055     3.247      1.483      0.000      1.374      0.714      4.399      6.596    925.770   1586.123    472.077    304.880    453.694    660.353    397.796     55.898  TILE  8  PFT  8 FRAC     0.08
  2056     3.456      1.511      0.000      1.384      0.705      4.541      6.757   1012.800   1702.821    529.841    409.526    482.959    690.021    421.948     61.011  TILE  8  PFT  8 FRAC     0.08
  2057     3.452      1.556      0.000      1.430      0.723      4.660      6.939   1044.350   1752.853    554.994    406.680    489.356    708.503    427.401     61.955  TILE  8  PFT  8 FRAC     0.08
  2058     3.453      1.577      0.000      1.454      0.746      4.753      7.077   1036.626   1745.034    544.001    396.967    492.625    708.408    430.239     62.385  TILE  8  PFT  8 FRAC     0.07
  2059     3.047      1.690      0.000      1.589      0.848      5.416      7.954    833.659   1491.537    358.467    156.340    475.192    657.877    413.469     61.723  TILE  8  PFT  8 FRAC     0.06
  2060     3.090      1.747      0.000      1.643      0.867      5.851      8.466    845.157   1519.305    324.093    107.905    521.065    674.148    451.321     69.744  TILE  8  PFT  8 FRAC     0.05
  2061     3.143      1.660      0.000      1.560      0.841      5.872      8.373    880.625   1563.088    344.100    162.088    536.525    682.463    462.676     73.849  TILE  8  PFT  8 FRAC     0.05
  2062     2.667      1.596      0.000      1.506      0.793      5.795      8.184    677.971   1295.251    169.433    -97.480    508.537    617.281    433.950     74.587  TILE  8  PFT  8 FRAC     0.04
  2063     3.051      1.184      0.000      1.079      0.533      3.930      5.647    902.391   1543.018    400.222    224.965    502.168    640.627    428.842     73.326  TILE  8  PFT  8 FRAC     0.05
  2064     1.834      1.173      0.000      1.103      0.650      4.308      6.131    609.471   1104.291    268.125    163.026    341.346    494.820    293.484     47.862  TILE  8  PFT  8 FRAC     0.04
  2065     2.641      0.974      0.000      0.886      0.496      3.417      4.887    711.745   1214.182    327.651    219.006    384.094    502.437    330.492     53.602  TILE  8  PFT  8 FRAC     0.06
  2066     2.803      0.908      0.000      0.823      0.474      2.895      4.277    791.742   1309.976    475.678    403.651    316.064    518.234    273.576     42.488  TILE  8  PFT  8 FRAC     0.07
  2067     2.307      0.928      0.000      0.856      0.528      3.061      4.518    642.330   1106.333    349.279    274.917    293.050    464.004    256.001     37.049  TILE  8  PFT  8 FRAC     0.07
  2068     2.923      0.953      0.000      0.856      0.486      2.883      4.322    774.362   1270.218    451.936    370.900    322.426    495.856    282.130     40.296  TILE  8  PFT  8 FRAC     0.08
  2069     2.844      1.020      0.000      0.927      0.538      3.010      4.567    791.446   1312.420    477.440    404.914    314.006    520.974    275.539     38.467  TILE  8  PFT  8 FRAC     0.09
  2070     3.210      1.139      0.000      1.018      0.534      3.065      4.739    911.975   1468.170    563.358    466.549    348.617    556.195    307.240     41.377  TILE  8  PFT  8 FRAC     0.09
  2071     3.153      1.316      0.000      1.202      0.650      3.615      5.581    931.414   1546.246    559.064    450.256    372.350    614.833    328.974     43.375  TILE  8  PFT  8 FRAC     0.08
  2072     2.921      1.429      0.000      1.331      0.754      4.338      6.521    808.976   1410.779    397.157    249.770    411.819    601.803    364.819     46.999  TILE  8  PFT  8 FRAC     0.06
  2073     3.201      1.481      0.000      1.378      0.753      4.760      6.994    825.605   1449.984    357.723    191.898    467.882    624.379    408.595     59.288  TILE  8  PFT  8 FRAC     0.06
  2074     3.213      1.434      0.000      1.329      0.721      4.822      6.977    834.721   1461.122    360.005    215.014    474.717    626.401    411.055     63.662  TILE  8  PFT  8 FRAC     0.05
  2075     3.324      1.325      0.000      1.212      0.628      4.368      6.321    923.293   1569.420    439.837    299.564    483.455    646.127    416.703     66.753  TILE  8  PFT  8 FRAC     0.06
  2076     3.085      1.171      0.000      1.056      0.561      3.630      5.363    932.246   1552.235    508.550    393.447    423.696    619.990    367.126     56.570  TILE  8  PFT  8 FRAC     0.07
  2077     3.198      1.163      0.000      1.044      0.573      3.378      5.114    976.872   1586.651    591.533    503.325    385.338    609.780    337.954     47.385  TILE  8  PFT  8 FRAC     0.08
  2078     1.726      1.190      0.000      1.128      0.709      4.053      5.953    609.529   1117.623    258.822    137.503    350.707    508.093    307.864     42.843  TILE  8  PFT  8 FRAC     0.06
  2079     3.152      1.169      0.000      1.058      0.584      3.722      5.475    876.179   1450.541    454.406    349.078    421.774    574.361    366.647     55.127  TILE  8  PFT  8 FRAC     0.08
  2080     1.713      1.252      0.000      1.191      0.732      4.544      6.528    598.350   1105.413    242.484    107.104    355.867    507.063    310.505     45.361  TILE  8  PFT  8 FRAC     0.06
  2081     2.926      1.175      0.000      1.079      0.581      4.060      5.816    743.664   1286.233    314.641    154.746    429.024    542.569    368.241     60.783  TILE  8  PFT  8 FRAC     0.06
  2082     3.019      1.128      0.000      1.023      0.546      3.577      5.251    886.409   1470.549    503.502    397.101    382.907    584.140    329.885     53.022  TILE  8  PFT  8 FRAC     0.07
  2083     2.894      1.113      0.000      1.014      0.559      3.459      5.131    791.549   1336.835    439.895    329.474    351.654    545.287    307.544     44.110  TILE  8  PFT  8 FRAC     0.07
  2084     2.980      1.119      0.000      1.006      0.537      3.342      4.999    849.998   1404.361    479.985    380.821    370.014    554.363    323.444     46.570  TILE  8  PFT  8 FRAC     0.07
  2085     2.733      1.148      0.000      1.056      0.611      3.503      5.262    804.160   1367.405    452.096    350.268    352.063    563.246    308.536     43.527  TILE  8  PFT  8 FRAC     0.07
  2086     2.729      1.157      0.000      1.064      0.612      3.680      5.450    763.725   1300.841    391.757    283.531    371.969    537.116    327.810     44.159  TILE  8  PFT  8 FRAC     0.07
  2087     3.011      1.148      0.000      1.044      0.579      3.501      5.228    855.086   1429.160    466.391    357.807    388.695    574.074    338.408     50.287  TILE  8  PFT  8 FRAC     0.08
  2088     3.155      1.165      0.000      1.048      0.558      3.412      5.134    913.015   1514.071    516.943    419.225    396.072    601.057    346.139     49.933  TILE  8  PFT  8 FRAC     0.08
  2089     3.062      1.218      0.000      1.111      0.616      3.472      5.307    959.135   1584.082    577.535    470.070    381.600    624.947    335.910     45.690  TILE  8  PFT  8 FRAC     0.08
  2090     3.119      1.244      0.000      1.132      0.612      3.569      5.425    875.757   1474.232    474.298    351.758    401.459    598.475    352.646     48.813  TILE  8  PFT  8 FRAC     0.08
  2091     3.319      1.292      0.000      1.166      0.607      3.629      5.528    961.258   1583.868    549.057    433.680    412.201    622.610    363.299     48.902  TILE  8  PFT  8 FRAC     0.09
  2092     3.212      1.347      0.000      1.235      0.664      3.891      5.902    951.477   1603.029    533.008    413.154    418.469    651.553    368.970     49.499  TILE  8  PFT  8 FRAC     0.08
  2093     3.304      1.385      0.000      1.263      0.675      4.098      6.158    925.219   1550.272    490.665    373.834    434.554    625.053    382.799     51.755  TILE  8  PFT  8 FRAC     0.09
  2094     3.229      1.450      0.000      1.336      0.701      4.239      6.391    955.718   1606.036    520.598    358.127    435.120    650.318    382.192     52.928  TILE  8  PFT  8 FRAC     0.08
  2095     3.248      1.483      0.000      1.373      0.715      4.398      6.595    926.059   1586.426    472.418    305.438    453.641    660.367    397.785     55.856  TILE  8  PFT  8 FRAC     0.08
  2096     3.459      1.512      0.000      1.385      0.706      4.544      6.762   1013.778   1704.093    530.617    410.334    483.161    690.315    422.155     61.006  TILE  8  PFT  8 FRAC     0.08
  2097     3.452      1.557      0.000      1.431      0.724      4.664      6.946   1044.554   1753.231    554.935    406.334    489.620    708.676    427.639     61.980  TILE  8  PFT  8 FRAC     0.08
  2098     3.453      1.578      0.000      1.455      0.747      4.756      7.081   1036.799   1745.526    543.796    396.560    493.004    708.727    430.565     62.439  TILE  8  PFT  8 FRAC     0.07
  2099     3.048      1.692      0.000      1.591      0.850      5.426      7.968    833.795   1492.049    358.255    155.815    475.540    658.254    413.753     61.787  TILE  8  PFT  8 FRAC     0.06
  2100     3.087      1.750      0.000      1.645      0.868      5.861      8.479    845.307   1519.632    323.526    106.729    521.781    674.325    451.929     69.852  TILE  8  PFT  8 FRAC     0.05
  2101     3.146      1.662      0.000      1.562      0.842      5.880      8.383    881.189   1563.917    343.832    161.394    537.356    682.729    463.365     73.991  TILE  8  PFT  8 FRAC     0.05
  2102     2.668      1.596      0.000      1.506      0.793      5.796      8.185    678.066   1296.008    168.634    -99.007    509.432    617.942    434.682     74.749  TILE  8  PFT  8 FRAC     0.04
  2103     3.051      1.184      0.000      1.079      0.532      3.928      5.644    902.569   1543.246    400.548    225.378    502.021    640.677    428.697     73.324  TILE  8  PFT  8 FRAC     0.05
  2104     1.834      1.172      0.000      1.102      0.649      4.304      6.126    609.310   1103.990    268.172    163.201    341.138    494.679    293.311     47.827  TILE  8  PFT  8 FRAC     0.04
  2105     2.641      0.973      0.000      0.886      0.496      3.414      4.884    711.580   1213.835    327.673    219.253    383.907    502.255    330.337     53.570  TILE  8  PFT  8 FRAC     0.06
  2106     2.802      0.908      0.000      0.822      0.474      2.893      4.275    791.829   1309.988    475.968    403.946    315.861    518.160    273.415     42.447  TILE  8  PFT  8 FRAC     0.07
  2107     2.306      0.928      0.000      0.856      0.528      3.060      4.517    642.157   1106.066    349.179    274.833    292.978    463.909    255.952     37.026  TILE  8  PFT  8 FRAC     0.07
  2108     2.924      0.953      0.000      0.856      0.486      2.883      4.322    774.448   1270.315    452.002    370.974    322.446    495.867    282.157     40.290  TILE  8  PFT  8 FRAC     0.08
  2109     2.843      1.020      0.000      0.927      0.538      3.010      4.568    791.446   1312.386    477.532    404.992    313.914    520.939    275.458     38.457  TILE  8  PFT  8 FRAC     0.09
  2110     3.211      1.141      0.000      1.020      0.535      3.071      4.747    912.090   1468.383    563.315    466.470    348.775    556.293    307.380     41.395  TILE  8  PFT  8 FRAC     0.09
  2111     3.152      1.316      0.000      1.202      0.651      3.620      5.586    930.382   1545.082    557.636    448.460    372.746    614.700    329.292     43.453  TILE  8  PFT  8 FRAC     0.08
  2112     2.920      1.430      0.000      1.331      0.754      4.344      6.528    807.859   1409.516    395.771    248.075    412.089    601.657    365.017     47.072  TILE  8  PFT  8 FRAC     0.06
  2113     3.199      1.479      0.000      1.377      0.752      4.756      6.987    825.789   1450.139    357.811    191.959    467.978    624.349    408.638     59.341  TILE  8  PFT  8 FRAC     0.06
  2114     3.211      1.429      0.000      1.324      0.719      4.806      6.953    835.032   1461.173    360.795    216.221    474.237    626.141    410.644     63.593  TILE  8  PFT  8 FRAC     0.05
  2115     3.314      1.319      0.000      1.205      0.625      4.341      6.285    924.376   1569.718    442.538    303.413    481.838    645.342    415.356     66.481  TILE  8  PFT  8 FRAC     0.06
  2116     3.085      1.170      0.000      1.055      0.561      3.624      5.356    932.106   1551.245    509.935    395.911    422.171    619.139    365.904     56.267  TILE  8  PFT  8 FRAC     0.07
  2117     3.198      1.165      0.000      1.046      0.574      3.379      5.118    976.762   1586.538    591.427    503.116    385.335    609.776    338.007     47.328  TILE  8  PFT  8 FRAC     0.08
  2118     1.736      1.193      0.000      1.131      0.711      4.056      5.959    612.050   1121.219    261.038    139.455    351.012    509.170    308.143     42.869  TILE  8  PFT  8 FRAC     0.06
  2119     3.155      1.172      0.000      1.061      0.585      3.732      5.489    876.793   1451.991    454.138    348.344    422.654    575.198    367.460     55.194  TILE  8  PFT  8 FRAC     0.08
  2120     1.717      1.255      0.000      1.194      0.733      4.557      6.546    598.641   1106.570    241.885    105.819    356.757    507.929    311.270     45.487  TILE  8  PFT  8 FRAC     0.06
  2121     2.926      1.178      0.000      1.082      0.582      4.072      5.831    743.321   1286.513    313.283    152.566    430.038    543.192    369.092     60.947  TILE  8  PFT  8 FRAC     0.06
  2122     3.017      1.129      0.000      1.024      0.547      3.584      5.260    885.910   1470.326    502.276    395.495    383.634    584.416    330.468     53.167  TILE  8  PFT  8 FRAC     0.07
  2123     2.895      1.113      0.000      1.014      0.559      3.463      5.136    791.138   1336.536    439.141    328.518    351.997    545.397    307.796     44.201  TILE  8  PFT  8 FRAC     0.07
  2124     2.978      1.119      0.000      1.006      0.537      3.342      4.998    849.788   1404.106    479.762    380.621    370.026    554.318    323.414     46.612  TILE  8  PFT  8 FRAC     0.07
  2125     2.731      1.147      0.000      1.055      0.610      3.501      5.259    803.617   1366.508    451.856    350.180    351.761    562.891    308.247     43.514  TILE  8  PFT  8 FRAC     0.07
  2126     2.728      1.155      0.000      1.063      0.611      3.675      5.442    763.570   1300.392    391.871    283.909    371.698    536.823    327.561     44.137  TILE  8  PFT  8 FRAC     0.07
  2127     3.014      1.147      0.000      1.043      0.578      3.498      5.223    855.005   1428.889    466.613    358.216    388.392    573.884    338.160     50.232  TILE  8  PFT  8 FRAC     0.08
  2128     3.155      1.164      0.000      1.047      0.557      3.409      5.130    913.193   1514.080    517.445    419.907    395.748    600.887    345.873     49.875  TILE  8  PFT  8 FRAC     0.08
  2129     3.062      1.218      0.000      1.110      0.616      3.470      5.304    959.723   1584.697    578.302    470.988    381.421    624.974    335.769     45.652  TILE  8  PFT  8 FRAC     0.08
  2130     3.121      1.245      0.000      1.133      0.612      3.570      5.427    876.425   1475.128    474.953    352.417    401.473    598.703    352.695     48.778  TILE  8  PFT  8 FRAC     0.08
  2131     3.320      1.294      0.000      1.168      0.608      3.637      5.540    961.118   1583.965    548.531    432.926    412.586    622.847    363.650     48.936  TILE  8  PFT  8 FRAC     0.09
  2132     3.212      1.348      0.000      1.237      0.665      3.900      5.913    951.711   1603.656    532.408    412.192    419.304    651.944    369.678     49.626  TILE  8  PFT  8 FRAC     0.08
  2133     3.304      1.387      0.000      1.265      0.675      4.105      6.166    925.940   1551.558    490.858    373.716    435.082    625.618    383.225     51.857  TILE  8  PFT  8 FRAC     0.09
  2134     3.228      1.451      0.000      1.337      0.702      4.244      6.396    955.493   1605.962    519.872    356.979    435.621    650.468    382.600     53.021  TILE  8  PFT  8 FRAC     0.08
  2135     3.247      1.483      0.000      1.374      0.715      4.400      6.598    926.179   1586.660    472.376    305.108    453.802    660.481    397.875     55.928  TILE  8  PFT  8 FRAC     0.08
  2136     3.458      1.511      0.000      1.384      0.706      4.544      6.761   1013.557   1703.882    530.431    410.058    483.126    690.325    422.103     61.023  TILE  8  PFT  8 FRAC     0.08
  2137     3.452      1.557      0.000      1.431      0.724      4.666      6.947   1044.015   1752.500    554.442    405.986    489.573    708.484    427.587     61.986  TILE  8  PFT  8 FRAC     0.08
  2138     3.454      1.579      0.000      1.456      0.748      4.766      7.093   1036.573   1745.294    543.375    396.161    493.198    708.721    430.724     62.474  TILE  8  PFT  8 FRAC     0.07
  2139     3.049      1.693      0.000      1.592      0.850      5.432      7.975    834.100   1492.535    358.072    155.322    476.028    658.435    414.156     61.872  TILE  8  PFT  8 FRAC     0.06
  2140     3.088      1.749      0.000      1.645      0.868      5.862      8.478    845.199   1519.862    323.257    106.645    521.942    674.663    452.035     69.907  TILE  8  PFT  8 FRAC     0.05
  2141     3.146      1.662      0.000      1.562      0.842      5.883      8.386    881.028   1563.608    343.851    161.473    537.177    682.580    463.173     74.004  TILE  8  PFT  8 FRAC     0.05
  2142     2.668      1.600      0.000      1.509      0.795      5.812      8.207    678.135   1296.184    168.686    -99.062    509.449    618.049    434.668     74.781  TILE  8  PFT  8 FRAC     0.04
  2143     3.050      1.185      0.000      1.080      0.533      3.937      5.655    901.979   1543.179    398.888    222.906    503.091    641.200    429.579     73.512  TILE  8  PFT  8 FRAC     0.05
  2144     1.832      1.173      0.000      1.103      0.650      4.311      6.134    608.812   1103.562    267.386    162.027    341.426    494.750    293.509     47.917  TILE  8  PFT  8 FRAC     0.04
  2145     2.641      0.973      0.000      0.886      0.496      3.418      4.888    711.395   1213.745    327.239    218.699    384.156    502.350    330.508     53.648  TILE  8  PFT  8 FRAC     0.06
  2146     2.801      0.907      0.000      0.821      0.474      2.891      4.272    791.768   1309.932    475.893    403.864    315.875    518.164    273.395     42.480  TILE  8  PFT  8 FRAC     0.07
  2147     2.305      0.927      0.000      0.855      0.528      3.057      4.512    641.851   1105.449    349.222    275.071    292.629    463.598    255.635     36.994  TILE  8  PFT  8 FRAC     0.07
  2148     2.925      0.953      0.000      0.856      0.486      2.881      4.320    774.536   1270.246    452.357    371.661    322.179    495.710    281.926     40.253  TILE  8  PFT  8 FRAC     0.08
  2149     2.842      1.018      0.000      0.926      0.538      3.008      4.564    790.483   1311.094    476.781    404.360    313.702    520.611    275.279     38.423  TILE  8  PFT  8 FRAC     0.09
  2150     3.211      1.139      0.000      1.019      0.535      3.068      4.743    911.721   1467.622    563.246    466.601    348.475    555.902    307.104     41.371  TILE  8  PFT  8 FRAC     0.09
  2151     3.153      1.316      0.000      1.202      0.650      3.616      5.582    930.986   1545.772    558.360    449.377    372.626    614.786    329.205     43.421  TILE  8  PFT  8 FRAC     0.08
  2152     2.921      1.429      0.000      1.331      0.754      4.339      6.522    808.945   1410.770    396.992    249.495    411.953    601.825    364.924     47.029  TILE  8  PFT  8 FRAC     0.06
  2153     3.200      1.480      0.000      1.378      0.752      4.757      6.989    825.786   1450.106    358.023    192.261    467.764    624.319    408.460     59.304  TILE  8  PFT  8 FRAC     0.06
  2154     3.214      1.430      0.000      1.325      0.719      4.806      6.955    835.597   1462.081    361.192    216.565    474.405    626.484    410.796     63.609  TILE  8  PFT  8 FRAC     0.05
  2155     3.314      1.319      0.000      1.206      0.625      4.340      6.284    924.446   1569.933    442.281    302.978    482.165    645.487    415.657     66.508  TILE  8  PFT  8 FRAC     0.06
  2156     3.083      1.169      0.000      1.054      0.561      3.620      5.351    931.623   1550.570    509.498    395.388    422.124    618.947    365.878     56.247  TILE  8  PFT  8 FRAC     0.07
  2157     3.197      1.164      0.000      1.044      0.573      3.375      5.112    976.500   1585.990    591.467    503.266    385.033    609.489    337.755     47.278  TILE  8  PFT  8 FRAC     0.08
  2158     1.727      1.190      0.000      1.129      0.709      4.052      5.951    609.699   1117.962    258.968    137.625    350.731    508.263    307.907     42.824  TILE  8  PFT  8 FRAC     0.06
  2159     3.155      1.170      0.000      1.059      0.584      3.726      5.481    876.548   1451.180    454.591    349.224    421.956    574.632    366.827     55.130  TILE  8  PFT  8 FRAC     0.08
  2160     1.716      1.254      0.000      1.193      0.732      4.549      6.535    598.549   1106.099    242.253    106.560    356.296    507.550    310.875     45.422  TILE  8  PFT  8 FRAC     0.06
  2161     2.926      1.177      0.000      1.081      0.581      4.066      5.824    743.590   1286.501    314.080    153.820    429.510    542.911    368.640     60.870  TILE  8  PFT  8 FRAC     0.06
  2162     3.018      1.128      0.000      1.023      0.547      3.580      5.254    886.225   1470.538    502.878    396.264    383.346    584.314    330.243     53.103  TILE  8  PFT  8 FRAC     0.07
  2163     2.895      1.112      0.000      1.014      0.559      3.460      5.131    791.194   1336.505    439.378    328.861    351.817    545.311    307.664     44.152  TILE  8  PFT  8 FRAC     0.07
  2164     2.979      1.119      0.000      1.006      0.537      3.342      4.997    849.998   1404.296    480.006    380.964    369.992    554.298    323.409     46.583  TILE  8  PFT  8 FRAC     0.07
  2165     2.733      1.147      0.000      1.056      0.611      3.501      5.259    804.372   1367.534    452.499    350.786    351.873    563.162    308.370     43.502  TILE  8  PFT  8 FRAC     0.07
  2166     2.736      1.159      0.000      1.066      0.613      3.688      5.461    764.150   1301.342    392.214    284.070    371.936    537.192    327.784     44.151  TILE  8  PFT  8 FRAC     0.07
  2167     3.010      1.148      0.000      1.044      0.579      3.504      5.231    855.211   1429.604    466.126    357.181    389.086    574.393    338.735     50.350  TILE  8  PFT  8 FRAC     0.08
  2168     3.155      1.165      0.000      1.048      0.558      3.413      5.136    913.202   1514.301    516.997    419.185    396.205    601.099    346.251     49.954  TILE  8  PFT  8 FRAC     0.08
  2169     3.063      1.219      0.000      1.111      0.616      3.474      5.309    959.802   1585.008    577.980    470.446    381.822    625.206    336.103     45.719  TILE  8  PFT  8 FRAC     0.08
  2170     3.120      1.245      0.000      1.133      0.612      3.572      5.429    876.175   1474.954    474.530    351.835    401.646    598.779    352.814     48.832  TILE  8  PFT  8 FRAC     0.08
  2171     3.320      1.293      0.000      1.168      0.608      3.639      5.541    960.566   1583.198    548.016    432.511    412.550    622.632    363.596     48.954  TILE  8  PFT  8 FRAC     0.09
  2172     3.212      1.348      0.000      1.237      0.664      3.901      5.913    951.242   1603.002    532.033    411.789    419.209    651.760    369.569     49.640  TILE  8  PFT  8 FRAC     0.08
  2173     3.304      1.386      0.000      1.264      0.675      4.104      6.165    925.771   1551.218    490.836    373.780    434.935    625.447    383.075     51.860  TILE  8  PFT  8 FRAC     0.09
  2174     3.227      1.450      0.000      1.336      0.702      4.245      6.397    954.693   1604.840    519.270    356.399    435.423    650.147    382.418     53.005  TILE  8  PFT  8 FRAC     0.08
  2175     3.248      1.483      0.000      1.373      0.714      4.400      6.597    925.524   1585.731    471.767    304.464    453.757    660.207    397.814     55.944  TILE  8  PFT  8 FRAC     0.08
  2176     3.456      1.511      0.000      1.384      0.706      4.544      6.760   1013.153   1703.275    530.191    409.910    482.962    690.122    421.937     61.025  TILE  8  PFT  8 FRAC     0.08
  2177     3.453      1.558      0.000      1.431      0.724      4.665      6.947   1045.039   1753.752    555.591    407.225    489.448    708.713    427.462     61.987  TILE  8  PFT  8 FRAC     0.08
  2178     3.454      1.579      0.000      1.456      0.748      4.763      7.090   1036.380   1745.011    543.169    395.785    493.211    708.631    430.738     62.473  TILE  8  PFT  8 FRAC     0.07
  2179     3.047      1.692      0.000      1.590      0.850      5.425      7.966    834.984   1493.547    359.234    156.839    475.750    658.563    413.942     61.809  TILE  8  PFT  8 FRAC     0.06
  2180     3.088      1.748      0.000      1.644      0.867      5.857      8.472    845.011   1519.128    323.354    106.729    521.657    674.117    451.808     69.849  TILE  8  PFT  8 FRAC     0.05
  2181     3.144      1.661      0.000      1.562      0.841      5.880      8.383    880.237   1562.831    343.422    161.293    536.814    682.594    462.885     73.930  TILE  8  PFT  8 FRAC     0.05
  2182     2.667      1.601      0.000      1.511      0.796      5.816      8.212    678.025   1295.941    168.713    -98.891    509.312    617.916    434.530     74.783  TILE  8  PFT  8 FRAC     0.04
  2183     3.049      1.185      0.000      1.080      0.533      3.938      5.657    901.853   1543.200    398.470    222.206    503.383    641.347    429.821     73.562  TILE  8  PFT  8 FRAC     0.05
  2184     1.832      1.173      0.000      1.103      0.650      4.314      6.138    608.373   1103.056    266.837    161.392    341.536    494.683    293.599     47.937  TILE  8  PFT  8 FRAC     0.04
  2185     2.640      0.973      0.000      0.885      0.496      3.416      4.885    711.122   1213.387    326.932    218.268    384.191    502.265    330.526     53.665  TILE  8  PFT  8 FRAC     0.06
  2186     2.800      0.906      0.000      0.821      0.473      2.889      4.267    791.443   1309.285    475.768    403.943    315.674    517.842    273.211     42.463  TILE  8  PFT  8 FRAC     0.07
  2187     2.305      0.926      0.000      0.854      0.527      3.054      4.507    641.802   1105.204    349.450    275.467    292.352    463.402    255.396     36.957  TILE  8  PFT  8 FRAC     0.07
  2188     2.923      0.952      0.000      0.855      0.485      2.878      4.315    773.970   1269.362    452.112    371.416    321.858    495.392    281.655     40.202  TILE  8  PFT  8 FRAC     0.08
  2189     2.843      1.018      0.000      0.926      0.538      3.005      4.561    791.169   1311.768    477.746    405.449    313.424    520.599    275.043     38.381  TILE  8  PFT  8 FRAC     0.09
  2190     3.210      1.139      0.000      1.018      0.535      3.064      4.737    911.740   1467.635    563.449    466.838    348.290    555.896    306.963     41.328  TILE  8  PFT  8 FRAC     0.09
  2191     3.153      1.316      0.000      1.202      0.650      3.614      5.580    930.950   1545.683    558.567    449.692    372.384    614.733    329.011     43.373  TILE  8  PFT  8 FRAC     0.08
  2192     2.921      1.430      0.000      1.331      0.754      4.339      6.522    809.000   1410.850    397.138    249.693    411.862    601.850    364.868     46.993  TILE  8  PFT  8 FRAC     0.06
  2193     3.200      1.481      0.000      1.378      0.753      4.760      6.993    825.385   1449.754    357.435    191.546    467.950    624.369    408.654     59.296  TILE  8  PFT  8 FRAC     0.06
  2194     3.213      1.434      0.000      1.328      0.721      4.822      6.977    834.767   1461.149    360.038    215.091    474.729    626.382    411.059     63.670  TILE  8  PFT  8 FRAC     0.05
  2195     3.335      1.328      0.000      1.215      0.629      4.380      6.338    924.156   1570.627    440.461    300.226    483.694    646.471    416.906     66.788  TILE  8  PFT  8 FRAC     0.06
  2196     3.084      1.171      0.000      1.057      0.562      3.634      5.367    932.806   1553.441    508.332    392.860    424.474    620.635    367.789     56.686  TILE  8  PFT  8 FRAC     0.07
  2197     3.194      1.161      0.000      1.043      0.573      3.375      5.109    975.578   1584.870    590.341    502.059    385.237    609.292    337.837     47.400  TILE  8  PFT  8 FRAC     0.08
  2198     1.729      1.188      0.000      1.126      0.708      4.046      5.941    609.610   1117.396    259.315    138.284    350.294    507.786    307.476     42.819  TILE  8  PFT  8 FRAC     0.06
  2199     3.152      1.166      0.000      1.056      0.582      3.712      5.460    876.761   1450.907    455.693    350.717    421.068    574.146    366.055     55.014  TILE  8  PFT  8 FRAC     0.08
  2200     1.716      1.250      0.000      1.189      0.731      4.534      6.514    598.425   1105.181    243.096    108.142    355.329    506.755    310.068     45.261  TILE  8  PFT  8 FRAC     0.06
  2201     2.921      1.173      0.000      1.077      0.580      4.055      5.808    741.952   1283.773    313.407    153.923    428.545    541.821    367.856     60.688  TILE  8  PFT  8 FRAC     0.06
  2202     3.018      1.127      0.000      1.022      0.546      3.574      5.246    886.322   1470.020    503.816    397.702    382.506    583.698    329.537     52.969  TILE  8  PFT  8 FRAC     0.07
  2203     2.896      1.112      0.000      1.014      0.559      3.458      5.129    791.869   1337.093    440.385    330.056    351.484    545.224    307.407     44.077  TILE  8  PFT  8 FRAC     0.07
  2204     2.981      1.120      0.000      1.007      0.538      3.345      5.003    850.811   1405.424    480.776    381.637    370.035    554.613    323.474     46.561  TILE  8  PFT  8 FRAC     0.07
  2205     2.732      1.149      0.000      1.058      0.612      3.509      5.270    803.857   1367.197    451.513    349.426    352.345    563.340    308.774     43.570  TILE  8  PFT  8 FRAC     0.07
  2206     2.728      1.158      0.000      1.066      0.613      3.687      5.459    763.493   1300.767    391.085    282.625    372.407    537.274    328.152     44.255  TILE  8  PFT  8 FRAC     0.07
  2207     3.014      1.149      0.000      1.044      0.579      3.506      5.233    855.132   1429.476    465.859    357.059    389.273    574.345    338.864     50.409  TILE  8  PFT  8 FRAC     0.08
  2208     3.160      1.165      0.000      1.048      0.558      3.414      5.137    914.785   1516.280    518.542    420.675    396.244    601.495    346.270     49.974  TILE  8  PFT  8 FRAC     0.08
  2209     3.062      1.219      0.000      1.111      0.616      3.476      5.311    959.519   1584.702    577.690    470.082    381.829    625.183    336.109     45.720  TILE  8  PFT  8 FRAC     0.08
  2210     3.121      1.245      0.000      1.133      0.612      3.573      5.431    876.038   1474.786    474.232    351.445    401.806    598.748    352.960     48.846  TILE  8  PFT  8 FRAC     0.08
  2211     3.321      1.294      0.000      1.168      0.609      3.639      5.542    961.494   1584.415    548.878    433.288    412.616    622.921    363.651     48.964  TILE  8  PFT  8 FRAC     0.09
  2212     3.212      1.348      0.000      1.237      0.665      3.902      5.916    951.667   1603.709    532.279    411.924    419.388    652.042    369.742     49.646  TILE  8  PFT  8 FRAC     0.08
  2213     3.305      1.387      0.000      1.265      0.676      4.109      6.172    925.460   1550.900    490.308    373.213    435.152    625.440    383.268     51.884  TILE  8  PFT  8 FRAC     0.09
  2214     3.229      1.452      0.000      1.338      0.702      4.250      6.404    956.018   1606.777    520.256    357.405    435.762    650.759    382.709     53.054  TILE  8  PFT  8 FRAC     0.08
  2215     3.250      1.487      0.000      1.377      0.716      4.415      6.618    926.569   1587.435    472.259    304.980    454.310    660.865    398.295     56.015  TILE  8  PFT  8 FRAC     0.08
  2216     3.458      1.515      0.000      1.388      0.708      4.560      6.782   1013.642   1704.657    529.405    408.498    484.236    691.016    423.012     61.224  TILE  8  PFT  8 FRAC     0.08
  2217     3.451      1.559      0.000      1.432      0.725      4.677      6.961   1042.754   1751.387    552.313    403.245    490.441    708.633    428.251     62.190  TILE  8  PFT  8 FRAC     0.08
  2218     3.456      1.579      0.000      1.456      0.747      4.764      7.090   1037.833   1747.673    544.374    396.908    493.459    709.840    430.867     62.591  TILE  8  PFT  8 FRAC     0.07
  2219     3.048      1.692      0.000      1.591      0.850      5.429      7.972    834.943   1493.543    359.414    157.283    475.529    658.600    413.711     61.819  TILE  8  PFT  8 FRAC     0.06
  2220     3.088      1.750      0.000      1.646      0.868      5.865      8.484    845.022   1519.341    323.137    106.348    521.884    674.319    451.977     69.908  TILE  8  PFT  8 FRAC     0.05
  2221     3.142      1.662      0.000      1.562      0.842      5.885      8.389    879.916   1562.669    342.636    160.360    537.280    682.753    463.263     74.017  TILE  8  PFT  8 FRAC     0.05
  2222     2.666      1.599      0.000      1.509      0.795      5.811      8.205    677.463   1295.064    168.381    -99.173    509.082    617.601    434.340     74.742  TILE  8  PFT  8 FRAC     0.04
  2223     3.049      1.185      0.000      1.080      0.533      3.936      5.653    901.963   1542.983    399.051    223.215    502.912    641.020    429.395     73.517  TILE  8  PFT  8 FRAC     0.05
  2224     1.832      1.173      0.000      1.102      0.650      4.310      6.132    609.087   1103.802    267.667    162.583    341.420    494.715    293.507     47.913  TILE  8  PFT  8 FRAC     0.04
  2225     2.642      0.973      0.000      0.886      0.496      3.417      4.886    711.708   1214.054    327.715    219.191    383.993    502.346    330.373     53.619  TILE  8  PFT  8 FRAC     0.06
  2226     2.800      0.907      0.000      0.822      0.474      2.893      4.274    791.346   1309.328    475.501    403.567    315.846    517.982    273.369     42.476  TILE  8  PFT  8 FRAC     0.07
  2227     2.306      0.928      0.000      0.855      0.528      3.058      4.514    642.374   1106.212    349.554    275.358    292.820    463.838    255.802     37.019  TILE  8  PFT  8 FRAC     0.07
  2228     2.924      0.952      0.000      0.856      0.486      2.881      4.319    774.332   1270.069    452.067    371.243    322.265    495.737    282.000     40.265  TILE  8  PFT  8 FRAC     0.08
  2229     2.842      1.019      0.000      0.926      0.538      3.008      4.564    790.577   1311.252    476.847    404.388    313.730    520.675    275.301     38.429  TILE  8  PFT  8 FRAC     0.09
  2230     3.210      1.139      0.000      1.018      0.534      3.063      4.736    912.018   1467.976    563.616    466.943    348.402    555.958    307.051     41.351  TILE  8  PFT  8 FRAC     0.09
  2231     3.152      1.315      0.000      1.201      0.650      3.613      5.578    930.885   1545.448    558.727    449.949    372.158    614.563    328.809     43.349  TILE  8  PFT  8 FRAC     0.08
  2232     2.919      1.429      0.000      1.331      0.754      4.338      6.520    807.970   1409.508    396.099    248.637    411.871    601.538    364.865     47.006  TILE  8  PFT  8 FRAC     0.06
  2233     3.202      1.482      0.000      1.379      0.753      4.763      6.998    825.343   1449.600    357.509    191.666    467.834    624.257    408.525     59.309  TILE  8  PFT  8 FRAC     0.06
  2234     3.212      1.431      0.000      1.326      0.720      4.813      6.963    834.981   1461.500    360.084    215.157    474.897    626.519    411.195     63.701  TILE  8  PFT  8 FRAC     0.05
  2235     3.313      1.320      0.000      1.206      0.625      4.347      6.292    923.708   1569.221    441.274    301.733    482.434    645.513    415.845     66.589  TILE  8  PFT  8 FRAC     0.06
  2236     3.084      1.170      0.000      1.055      0.561      3.623      5.354    931.192   1550.115    508.792    394.523    422.400    618.924    366.059     56.341  TILE  8  PFT  8 FRAC     0.07
  2237     3.198      1.164      0.000      1.045      0.574      3.378      5.115    976.756   1586.372    591.681    503.496    385.075    609.615    337.761     47.314  TILE  8  PFT  8 FRAC     0.08
  2238     1.735      1.191      0.000      1.129      0.709      4.049      5.949    612.060   1121.038    261.240    139.791    350.820    508.978    307.981     42.839  TILE  8  PFT  8 FRAC     0.06
  2239     3.154      1.171      0.000      1.060      0.584      3.724      5.479    876.753   1451.542    454.800    349.351    421.953    574.789    366.859     55.094  TILE  8  PFT  8 FRAC     0.08
  2240     1.716      1.254      0.000      1.193      0.733      4.548      6.535    598.424   1106.002    242.104    106.360    356.320    507.578    310.920     45.400  TILE  8  PFT  8 FRAC     0.06
  2241     2.926      1.177      0.000      1.081      0.582      4.068      5.827    743.150   1286.063    313.581    153.204    429.570    542.912    368.724     60.846  TILE  8  PFT  8 FRAC     0.06
  2242     3.018      1.129      0.000      1.024      0.547      3.583      5.258    886.000   1470.379    502.494    395.746    383.506    584.379    330.373     53.133  TILE  8  PFT  8 FRAC     0.07
  2243     2.895      1.113      0.000      1.014      0.559      3.461      5.133    791.486   1336.920    439.533    328.946    351.952    545.434    307.786     44.167  TILE  8  PFT  8 FRAC     0.07
  2244     2.975      1.117      0.000      1.004      0.536      3.336      4.989    849.566   1403.719    479.768    380.612    369.797    554.154    323.244     46.553  TILE  8  PFT  8 FRAC     0.07
  2245     2.733      1.147      0.000      1.055      0.610      3.498      5.254    803.644   1366.377    452.144    350.605    351.500    562.733    308.049     43.451  TILE  8  PFT  8 FRAC     0.07
  2246     2.729      1.156      0.000      1.063      0.611      3.674      5.441    763.907   1300.818    392.301    284.292    371.606    536.911    327.515     44.092  TILE  8  PFT  8 FRAC     0.07
  2247     3.014      1.148      0.000      1.043      0.578      3.497      5.223    855.817   1429.866    467.481    359.126    388.337    574.049    338.136     50.201  TILE  8  PFT  8 FRAC     0.08
  2248     3.155      1.165      0.000      1.048      0.558      3.411      5.134    913.346   1514.489    517.366    419.643    395.980    601.144    346.107     49.874  TILE  8  PFT  8 FRAC     0.08
  2249     3.062      1.219      0.000      1.111      0.616      3.473      5.308    959.149   1584.164    577.521    470.058    381.628    625.014    335.950     45.678  TILE  8  PFT  8 FRAC     0.08
  2250     3.121      1.245      0.000      1.134      0.612      3.572      5.429    876.607   1475.424    474.945    352.325    401.662    598.817    352.858     48.805  TILE  8  PFT  8 FRAC     0.08
  2251     3.320      1.295      0.000      1.169      0.609      3.642      5.546    961.042   1584.093    548.248    432.549    412.794    623.052    363.830     48.964  TILE  8  PFT  8 FRAC     0.09
  2252     3.212      1.349      0.000      1.237      0.665      3.903      5.916    951.331   1603.321    531.735    411.309    419.597    651.990    369.920     49.677  TILE  8  PFT  8 FRAC     0.08
  2253     3.305      1.387      0.000      1.265      0.675      4.108      6.171    925.789   1551.379    490.602    373.482    435.187    625.590    383.294     51.893  TILE  8  PFT  8 FRAC     0.09
  2254     3.228      1.451      0.000      1.337      0.702      4.247      6.399    955.342   1605.821    519.588    356.573    435.753    650.479    382.701     53.053  TILE  8  PFT  8 FRAC     0.08
  2255     3.249      1.484      0.000      1.374      0.715      4.401      6.599    926.317   1586.848    472.391    305.065    453.926    660.532    397.965     55.961  TILE  8  PFT  8 FRAC     0.08
  2256     3.458      1.512      0.000      1.385      0.706      4.545      6.763   1013.932   1704.336    530.796    410.495    483.136    690.404    422.103     61.033  TILE  8  PFT  8 FRAC     0.08
  2257     3.453      1.557      0.000      1.431      0.724      4.664      6.945   1044.448   1753.001    554.860    406.359    489.589    708.553    427.594     61.995  TILE  8  PFT  8 FRAC     0.08
  2258     3.453      1.578      0.000      1.455      0.747      4.758      7.083   1036.434   1744.976    543.519    396.239    492.915    708.542    430.485     62.430  TILE  8  PFT  8 FRAC     0.07
  2259     3.048      1.692      0.000      1.591      0.850      5.425      7.966    833.709   1491.829    358.231    155.857    475.479    658.120    413.690     61.789  TILE  8  PFT  8 FRAC     0.06
  2260     3.088      1.749      0.000      1.645      0.868      5.859      8.476    844.780   1519.212    323.178    106.575    521.602    674.432    451.762     69.840  TILE  8  PFT  8 FRAC     0.05
  2261     3.143      1.661      0.000      1.562      0.842      5.881      8.384    880.094   1562.681    343.148    160.947    536.947    682.587    463.006     73.941  TILE  8  PFT  8 FRAC     0.05
  2262     2.666      1.600      0.000      1.510      0.795      5.812      8.208    677.926   1295.561    168.993    -98.476    508.933    617.635    434.241     74.693  TILE  8  PFT  8 FRAC     0.04
  2263     3.050      1.185      0.000      1.080      0.533      3.934      5.652    902.547   1543.873    399.371    223.303    503.176    641.326    429.668     73.509  TILE  8  PFT  8 FRAC     0.05
  2264     1.834      1.173      0.000      1.102      0.650      4.307      6.130    609.240   1104.052    267.847    162.728    341.392    494.813    293.496     47.896  TILE  8  PFT  8 FRAC     0.04
  2265     2.640      0.972      0.000      0.885      0.496      3.412      4.880    711.452   1213.714    327.504    219.019    383.948    502.262    330.352     53.595  TILE  8  PFT  8 FRAC     0.06
  2266     2.800      0.906      0.000      0.821      0.474      2.889      4.269    791.396   1309.226    475.845    403.969    315.551    517.830    273.138     42.413  TILE  8  PFT  8 FRAC     0.07
  2267     2.306      0.927      0.000      0.855      0.528      3.055      4.510    642.104   1105.718    349.459    275.352    292.645    463.614    255.667     36.978  TILE  8  PFT  8 FRAC     0.07
  2268     2.923      0.952      0.000      0.855      0.486      2.879      4.316    774.031   1269.539    451.961    371.205    322.070    495.508    281.842     40.227  TILE  8  PFT  8 FRAC     0.08
  2269     2.844      1.019      0.000      0.926      0.538      3.005      4.561    791.422   1312.063    477.780    405.465    313.642    520.641    275.239     38.403  TILE  8  PFT  8 FRAC     0.09
  2270     3.210      1.139      0.000      1.018      0.535      3.063      4.736    912.558   1468.719    564.234    467.635    348.324    556.161    307.012     41.312  TILE  8  PFT  8 FRAC     0.09
  2271     3.153      1.316      0.000      1.202      0.650      3.614      5.580    931.343   1546.224    558.941    450.069    372.402    614.881    329.045     43.357  TILE  8  PFT  8 FRAC     0.08
  2272     2.920      1.430      0.000      1.332      0.754      4.339      6.524    809.049   1410.995    397.087    249.601    411.961    601.947    364.967     46.994  TILE  8  PFT  8 FRAC     0.06
  2273     3.201      1.482      0.000      1.379      0.753      4.759      6.994    826.471   1451.138    358.424    192.479    468.047    624.668    408.752     59.295  TILE  8  PFT  8 FRAC     0.06
  2274     3.213      1.433      0.000      1.328      0.721      4.816      6.970    835.432   1462.164    360.505    215.468    474.927    626.732    411.272     63.655  TILE  8  PFT  8 FRAC     0.05
  2275     3.314      1.322      0.000      1.208      0.626      4.351      6.299    924.292   1570.323    441.291    301.482    483.001    646.031    416.361     66.640  TILE  8  PFT  8 FRAC     0.06
  2276     3.084      1.171      0.000      1.056      0.561      3.627      5.359    931.182   1550.389    508.381    393.851    422.801    619.206    366.402     56.399  TILE  8  PFT  8 FRAC     0.07
  2277     3.198      1.164      0.000      1.044      0.573      3.375      5.112    977.145   1586.994    591.855    503.587    385.290    609.849    337.938     47.353  TILE  8  PFT  8 FRAC     0.08
  2278     1.736      1.190      0.000      1.128      0.709      4.044      5.942    612.135   1121.022    261.555    140.376    350.580    508.887    307.767     42.813  TILE  8  PFT  8 FRAC     0.06
  2279     3.154      1.170      0.000      1.059      0.584      3.721      5.476    876.759   1451.446    455.193    349.889    421.565    574.687    366.552     55.013  TILE  8  PFT  8 FRAC     0.08
  2280     1.716      1.254      0.000      1.193      0.733      4.546      6.533    598.348   1105.834    242.079    106.347    356.269    507.486    310.889     45.379  TILE  8  PFT  8 FRAC     0.06
  2281     2.927      1.177      0.000      1.081      0.582      4.067      5.826    743.482   1286.441    313.901    153.564    429.581    542.958    368.741     60.840  TILE  8  PFT  8 FRAC     0.06
  2282     3.018      1.129      0.000      1.024      0.547      3.583      5.259    885.716   1470.005    502.204    395.462    383.513    584.288    330.386     53.127  TILE  8  PFT  8 FRAC     0.07
  2283     2.894      1.113      0.000      1.015      0.560      3.463      5.136    791.382   1336.840    439.388    328.747    351.994    545.458    307.824     44.170  TILE  8  PFT  8 FRAC     0.07
  2284     2.980      1.119      0.000      1.007      0.538      3.346      5.003    849.828   1404.219    479.632    380.398    370.196    554.391    323.571     46.625  TILE  8  PFT  8 FRAC     0.07
  2285     2.732      1.148      0.000      1.056      0.611      3.505      5.264    803.796   1366.890    451.678    349.778    352.119    563.093    308.562     43.556  TILE  8  PFT  8 FRAC     0.07
  2286     2.728      1.156      0.000      1.063      0.612      3.680      5.447    763.354   1300.292    391.413    283.258    371.941    536.938    327.768     44.173  TILE  8  PFT  8 FRAC     0.07
  2287     3.014      1.148      0.000      1.043      0.578      3.501      5.227    855.271   1429.296    466.595    358.075    388.675    574.026    338.375     50.300  TILE  8  PFT  8 FRAC     0.08
  2288     3.155      1.164      0.000      1.047      0.557      3.410      5.131    913.872   1515.085    517.957    420.318    395.915    601.213    346.009     49.907  TILE  8  PFT  8 FRAC     0.08
  2289     3.062      1.218      0.000      1.110      0.616      3.470      5.304    959.608   1584.587    578.091    470.724    381.516    624.979    335.845     45.671  TILE  8  PFT  8 FRAC     0.08
  2290     3.121      1.244      0.000      1.133      0.612      3.569      5.425    876.901   1475.703    475.487    352.981    401.415    598.801    352.652     48.763  TILE  8  PFT  8 FRAC     0.08
  2291     3.320      1.294      0.000      1.168      0.608      3.636      5.539    961.526   1584.505    548.947    433.363    412.579    622.979    363.661     48.918  TILE  8  PFT  8 FRAC     0.09
  2292     3.212      1.348      0.000      1.237      0.665      3.900      5.913    951.783   1603.776    532.531    412.272    419.252    651.993    369.644     49.607  TILE  8  PFT  8 FRAC     0.08
  2293     3.305      1.388      0.000      1.266      0.676      4.109      6.173    925.798   1551.385    490.611    373.427    435.187    625.587    383.323     51.865  TILE  8  PFT  8 FRAC     0.09
  2294     3.227      1.451      0.000      1.337      0.702      4.249      6.402    954.913   1605.359    518.995    355.810    435.918    650.446    382.846     53.073  TILE  8  PFT  8 FRAC     0.08
  2295     3.247      1.484      0.000      1.374      0.715      4.404      6.603    926.087   1586.635    472.036    304.822    454.051    660.548    398.070     55.981  TILE  8  PFT  8 FRAC     0.08
  2296     3.457      1.511      0.000      1.384      0.706      4.545      6.762   1012.966   1703.205    529.686    409.210    483.280    690.238    422.198     61.082  TILE  8  PFT  8 FRAC     0.08
  2297     3.452      1.557      0.000      1.430      0.724      4.662      6.942   1044.820   1753.465    555.357    406.950    489.463    708.645    427.465     61.998  TILE  8  PFT  8 FRAC     0.08
  2298     3.452      1.576      0.000      1.453      0.746      4.751      7.073   1036.631   1745.070    543.986    396.903    492.645    708.439    430.245     62.400  TILE  8  PFT  8 FRAC     0.07
  2299     3.049      1.690      0.000      1.589      0.849      5.417      7.955    834.161   1492.013    359.125    157.288    475.037    657.852    413.335     61.701  TILE  8  PFT  8 FRAC     0.06
  2300     3.090      1.747      0.000      1.643      0.867      5.852      8.467    845.638   1519.927    324.491    108.494    521.147    674.289    451.408     69.738  TILE  8  PFT  8 FRAC     0.05
