  1901     3.486      0.019      0.001      0.007      1.353      1.255      2.627   1803.047   2375.881   1443.343   1443.343    359.705    572.834    338.458     21.247  TILE  7  PFT  7 FRAC     0.17
  1902     3.318      0.184      0.068      0.040      1.889      3.959      6.031   1947.375   2573.238    935.471    935.471   1011.904    625.864    896.097    115.807  TILE  7  PFT  7 FRAC     0.17
  1903     3.472      0.404      0.174      0.094      1.915      7.378      9.698   2095.967   2733.512    561.401    561.401   1534.567    637.544   1312.660    221.907  TILE  7  PFT  7 FRAC     0.17
  1904     3.476      0.382      0.163      0.090      2.096      9.613     12.091   1760.505   2319.121    294.828    294.828   1465.677    558.616   1181.292    284.385  TILE  7  PFT  7 FRAC     0.17
  1905     3.492      0.346      0.147      0.080      2.223     11.648     14.217   1718.521   2267.557      9.786      9.786   1708.735    549.036   1323.465    385.270  TILE  7  PFT  7 FRAC     0.17
  1906     3.386      0.412      0.182      0.099      2.361     13.406     16.179   1837.663   2427.581    -23.369    -23.369   1861.032    589.917   1393.075    467.957  TILE  7  PFT  7 FRAC     0.17
  1907     3.473      0.156      0.058      0.033      2.261     14.153     16.571   1481.621   1970.073   -441.298   -441.298   1922.918    488.452   1378.425    544.493  TILE  7  PFT  7 FRAC     0.17
  1908     3.484      0.245      0.099      0.054      2.210     15.176     17.631   1907.613   2502.754    -78.038    -78.038   1985.651    595.141   1425.323    560.328  TILE  7  PFT  7 FRAC     0.17
  1909     3.404      0.251      0.102      0.057      2.138     15.372     17.761   1790.446   2357.899   -158.552   -158.552   1948.997    567.454   1355.252    593.746  TILE  7  PFT  7 FRAC     0.17
  1910     3.465      0.466      0.205      0.111      2.096     15.935     18.496   2045.722   2669.414     83.302     83.302   1962.419    623.692   1381.690    580.730  TILE  7  PFT  7 FRAC     0.17
  1911     3.433      0.520      0.235      0.128      2.041     16.092     18.653   1839.478   2411.514   -102.575   -102.575   1942.053    572.037   1343.128    598.925  TILE  7  PFT  7 FRAC     0.17
  1912     3.427      0.003      0.000      0.000      2.729     16.855     19.586   1992.605   2636.766     96.153     96.153   1896.452    644.160   1348.415    548.037  TILE  7  PFT  7 FRAC     0.17
  1913     3.495      0.014      0.003      0.002      2.659     17.022     19.695   1805.267   2381.214   -177.515   -177.515   1982.781    575.947   1366.262    616.519  TILE  7  PFT  7 FRAC     0.17
  1914     3.409      0.022      0.003      0.005      2.513     17.115     19.650   1784.713   2360.265   -243.979   -243.979   2028.692    575.552   1397.822    630.870  TILE  7  PFT  7 FRAC     0.17
  1915     3.524      0.237      0.096      0.053      2.284     17.197     19.717   2133.094   2793.519   -144.941   -144.941   2278.035    660.424   1567.017    711.018  TILE  7  PFT  7 FRAC     0.17
  1916     3.486      0.497      0.225      0.121      2.148     17.476     20.120   2098.678   2736.393    -14.868    -14.868   2113.546    637.715   1465.818    647.728  TILE  7  PFT  7 FRAC     0.17
  1917     3.461      0.064      0.040      0.024      2.752     17.886     20.701   2028.864   2660.084    -21.411    -21.411   2050.275    631.220   1424.788    625.486  TILE  7  PFT  7 FRAC     0.17
  1918     3.410      0.326      0.138      0.077      2.078     16.514     18.918   1281.938   1720.420   -608.018   -608.018   1889.956    438.482   1217.773    672.183  TILE  7  PFT  7 FRAC     0.17
  1919     3.420      0.579      0.268      0.141      2.055     16.653     19.287   2055.419   2688.928     76.104     76.104   1979.315    633.509   1360.133    619.182  TILE  7  PFT  7 FRAC     0.17
  1920     3.401      0.199      0.076      0.044      2.107     16.281     18.587   1325.843   1776.477   -416.695   -416.695   1742.538    450.634   1183.129    559.409  TILE  7  PFT  7 FRAC     0.17
  1921     3.474      0.290      0.119      0.065      2.049     16.234     18.572   1913.114   2513.169    -83.252    -83.252   1996.365    600.055   1366.583    629.783  TILE  7  PFT  7 FRAC     0.17
  1922     3.465      0.439      0.194      0.105      2.041     16.207     18.687   1959.370   2562.291     29.952     29.952   1929.418    602.921   1319.210    610.207  TILE  7  PFT  7 FRAC     0.17
  1923     3.409      0.337      0.141      0.077      2.022     16.214     18.573   1665.084   2208.650   -194.615   -194.615   1859.699    543.567   1282.736    576.963  TILE  7  PFT  7 FRAC     0.17
  1924     3.437      0.458      0.202      0.109      1.975     16.233     18.666   1897.842   2489.988    -12.954    -12.954   1910.797    592.146   1315.617    595.180  TILE  7  PFT  7 FRAC     0.17
  1925     3.467      0.446      0.195      0.107      2.020     15.947     18.413   1758.648   2314.128    -75.150    -75.150   1833.798    555.480   1247.040    586.758  TILE  7  PFT  7 FRAC     0.17
  1926     3.448      0.290      0.118      0.065      2.015     15.929     18.234   1612.992   2133.542   -237.387   -237.387   1850.379    520.551   1277.735    572.644  TILE  7  PFT  7 FRAC     0.17
  1927     3.429      0.444      0.195      0.105      1.999     15.800     18.242   1942.597   2545.604     23.849     23.849   1918.747    603.007   1314.032    604.716  TILE  7  PFT  7 FRAC     0.17
  1928     3.393      0.000      0.000      0.000      2.609     16.118     18.727   2066.298   2717.602     80.425     80.425   1985.873    651.305   1391.094    594.778  TILE  7  PFT  7 FRAC     0.17
  1929     3.472      0.139      0.049      0.029      2.350     16.218     18.707   1952.676   2558.604   -215.731   -215.731   2168.407    605.928   1506.964    661.444  TILE  7  PFT  7 FRAC     0.17
  1930     3.503      0.374      0.162      0.088      2.219     16.431     19.024   2137.774   2790.541     18.265     18.265   2119.509    652.768   1482.631    636.878  TILE  7  PFT  7 FRAC     0.17
  1931     3.372      0.574      0.266      0.139      2.053     16.841     19.468   1973.863   2580.900    -75.732    -75.732   2049.595    607.038   1439.280    610.315  TILE  7  PFT  7 FRAC     0.17
  1932     3.425      0.000      0.000      0.000      2.680     17.012     19.692   1944.819   2563.300    -48.683    -48.683   1993.502    618.481   1388.557    604.945  TILE  7  PFT  7 FRAC     0.17
  1933     3.489      0.314      0.170      0.087      2.323     16.723     19.361   1730.037   2272.376   -176.904   -176.904   1906.941    542.339   1296.883    610.058  TILE  7  PFT  7 FRAC     0.17
  1934     3.494      0.618      0.284      0.151      1.913     16.164     18.695   1610.197   2119.864   -235.390   -235.390   1845.588    509.666   1239.232    606.355  TILE  7  PFT  7 FRAC     0.17
  1935     3.437      0.539      0.247      0.133      1.892     15.903     18.334   1659.464   2186.979   -185.169   -185.169   1844.633    527.514   1261.923    582.710  TILE  7  PFT  7 FRAC     0.17
  1936     3.492      0.053      0.013      0.011      2.433     15.972     18.459   2060.136   2706.579    -13.942    -13.942   2074.078    646.443   1442.184    631.895  TILE  7  PFT  7 FRAC     0.17
  1937     3.376      0.348      0.147      0.079      2.189     16.216     18.754   2175.084   2830.390     -8.238     -8.238   2183.322    655.306   1531.611    651.711  TILE  7  PFT  7 FRAC     0.17
  1938     3.424      0.525      0.241      0.128      2.004     16.404     18.934   1959.856   2562.400    -81.125    -81.125   2040.981    602.544   1426.767    614.214  TILE  7  PFT  7 FRAC     0.17
  1939     3.463      0.384      0.198      0.104      2.350     16.438     19.172   1989.406   2615.766    141.825    141.825   1847.581    626.360   1287.750    559.830  TILE  7  PFT  7 FRAC     0.17
  1940     3.394      0.173      0.106      0.056      2.506     16.423     19.102   1758.083   2320.199   -108.553   -108.553   1866.636    562.116   1297.042    569.594  TILE  7  PFT  7 FRAC     0.17
  1941     3.412      0.024      0.001      0.010      2.524     16.546     19.094   1795.586   2369.270   -172.348   -172.348   1967.934    573.685   1377.626    590.308  TILE  7  PFT  7 FRAC     0.17
  1942     3.447      0.216      0.082      0.048      2.379     16.037     18.633   2008.354   2638.349    -54.442    -54.442   2062.796    629.995   1402.319    660.477  TILE  7  PFT  7 FRAC     0.17
  1943     3.368      0.436      0.192      0.104      2.086     16.524     19.046   2013.401   2629.950    -90.732    -90.732   2104.134    616.549   1494.656    609.478  TILE  7  PFT  7 FRAC     0.17
  1944     3.450      0.359      0.152      0.084      2.138     16.480     18.976   1714.497   2261.980    -70.020    -70.020   1784.517    547.483   1240.830    543.687  TILE  7  PFT  7 FRAC     0.17
  1945     3.467      0.304      0.127      0.070      2.059     16.306     18.669   1729.043   2281.064   -187.213   -187.213   1916.256    552.021   1324.005    592.251  TILE  7  PFT  7 FRAC     0.17
  1946     3.519      0.332      0.141      0.077      2.052     15.957     18.340   1843.239   2435.156    -73.812    -73.812   1917.051    591.917   1308.152    608.898  TILE  7  PFT  7 FRAC     0.17
  1947     3.472      0.134      0.047      0.028      2.075     15.156     17.365   1585.363   2098.598   -278.419   -278.419   1863.782    513.235   1247.366    616.416  TILE  7  PFT  7 FRAC     0.17
  1948     3.430      0.203      0.079      0.044      2.051     15.151     17.405   1922.325   2520.839    -14.435    -14.435   1936.760    598.514   1346.956    589.804  TILE  7  PFT  7 FRAC     0.17
  1949     3.468      0.207      0.081      0.046      2.054     14.827     17.088   1818.583   2393.153    -63.518    -63.518   1882.101    574.570   1290.209    591.892  TILE  7  PFT  7 FRAC     0.17
  1950     3.523      0.443      0.195      0.107      2.051     15.118     17.613   2094.360   2730.436    192.599    192.599   1901.761    636.076   1341.632    560.129  TILE  7  PFT  7 FRAC     0.17
  1951     3.427      0.520      0.235      0.128      2.001     15.195     17.716   1863.679   2441.988    -23.169    -23.169   1886.848    578.310   1318.295    568.553  TILE  7  PFT  7 FRAC     0.17
  1952     3.426      0.003      0.000      0.000      2.680     15.821     18.504   1992.230   2636.218    150.191    150.191   1842.039    643.987   1324.543    517.497  TILE  7  PFT  7 FRAC     0.17
  1953     3.495      0.014      0.003      0.002      2.610     15.864     18.488   1805.552   2381.557   -111.877   -111.877   1917.429    576.005   1338.478    578.950  TILE  7  PFT  7 FRAC     0.17
  1954     3.410      0.022      0.003      0.005      2.469     15.945     18.435   1784.802   2360.371   -175.602   -175.602   1960.404    575.569   1370.753    589.650  TILE  7  PFT  7 FRAC     0.17
  1955     3.485      0.268      0.108      0.059      2.186     15.969     18.422   2071.352   2712.831   -106.977   -106.977   2178.328    641.479   1518.253    660.076  TILE  7  PFT  7 FRAC     0.17
  1956     3.494      0.527      0.240      0.129      2.079     16.261     18.866   2102.772   2741.072     70.553     70.553   2032.219    638.300   1431.038    601.181  TILE  7  PFT  7 FRAC     0.17
  1957     3.431      0.000      0.000      0.000      2.677     16.595     19.272   1966.133   2579.843    -14.426    -14.426   1980.559    613.710   1396.323    584.236  TILE  7  PFT  7 FRAC     0.17
  1958     3.487      0.339      0.142      0.079      2.001     15.241     17.580   1306.844   1752.753   -496.909   -496.909   1803.754    445.909   1169.470    634.284  TILE  7  PFT  7 FRAC     0.17
  1959     3.428      0.579      0.268      0.141      1.986     15.368     17.933   2065.041   2701.111    152.787    152.787   1912.254    636.070   1336.849    575.405  TILE  7  PFT  7 FRAC     0.17
  1960     3.401      0.199      0.076      0.044      2.064     15.137     17.400   1325.893   1776.533   -346.901   -346.901   1672.794    450.640   1153.929    518.865  TILE  7  PFT  7 FRAC     0.17
  1961     3.474      0.290      0.119      0.065      2.005     15.121     17.416   1912.821   2512.814    -21.273    -21.273   1934.094    599.993   1344.862    589.232  TILE  7  PFT  7 FRAC     0.17
  1962     3.465      0.438      0.194      0.104      2.007     15.118     17.563   1957.486   2559.983     85.556     85.556   1871.931    602.496   1300.152    571.778  TILE  7  PFT  7 FRAC     0.17
  1963     3.404      0.357      0.152      0.082      1.984     15.234     17.575   1667.825   2211.787   -138.439   -138.439   1806.264    543.962   1265.728    540.536  TILE  7  PFT  7 FRAC     0.17
  1964     3.505      0.430      0.188      0.103      1.988     15.301     17.718   1878.755   2467.113     16.899     16.899   1861.857    588.357   1298.987    562.870  TILE  7  PFT  7 FRAC     0.17
  1965     3.494      0.445      0.195      0.106      2.011     15.164     17.620   1782.134   2343.609    -28.851    -28.851   1810.986    561.474   1253.350    557.636  TILE  7  PFT  7 FRAC     0.17
  1966     3.515      0.253      0.101      0.056      2.032     15.186     17.470   1612.873   2133.795   -210.493   -210.493   1823.366    520.922   1272.896    550.470  TILE  7  PFT  7 FRAC     0.17
  1967     3.461      0.423      0.186      0.101      2.042     15.191     17.656   2021.358   2644.832    106.801    106.801   1914.558    623.474   1333.157    581.401  TILE  7  PFT  7 FRAC     0.17
  1968     3.432      0.256      0.146      0.075      2.432     15.538     18.226   2135.976   2806.571    168.873    168.873   1967.103    670.595   1390.823    576.279  TILE  7  PFT  7 FRAC     0.17
  1969     3.350      0.078      0.024      0.015      2.433     15.629     18.140   1883.666   2483.500   -244.672   -244.672   2128.338    599.834   1488.305    640.033  TILE  7  PFT  7 FRAC     0.17
  1970     3.332      0.392      0.173      0.093      2.182     15.855     18.430   2131.175   2780.762     16.077     16.077   2115.098    649.587   1489.595    625.503  TILE  7  PFT  7 FRAC     0.17
  1971     3.428      0.557      0.256      0.134      2.016     16.230     18.803   1964.912   2570.204    -53.593    -53.593   2018.505    605.292   1427.934    590.571  TILE  7  PFT  7 FRAC     0.17
  1972     3.438      0.000      0.000      0.000      2.659     16.379     19.038   1978.777   2607.182     26.986     26.986   1951.791    628.405   1368.211    583.579  TILE  7  PFT  7 FRAC     0.17
  1973     3.396      0.314      0.170      0.087      2.293     16.153     18.760   1725.540   2266.091   -147.741   -147.741   1873.281    540.551   1287.355    585.925  TILE  7  PFT  7 FRAC     0.17
  1974     3.494      0.616      0.283      0.151      1.888     15.626     18.130   1607.777   2116.954   -205.223   -205.223   1812.999    509.177   1226.051    586.948  TILE  7  PFT  7 FRAC     0.17
  1975     3.426      0.539      0.247      0.133      1.876     15.417     17.832   1658.906   2186.300   -155.553   -155.553   1814.459    527.394   1249.645    564.814  TILE  7  PFT  7 FRAC     0.17
  1976     3.492      0.053      0.013      0.011      2.425     15.548     18.026   2052.890   2697.313      4.287      4.287   2048.603    644.423   1433.638    614.965  TILE  7  PFT  7 FRAC     0.17
  1977     3.485      0.348      0.147      0.079      2.195     15.841     18.385   2176.148   2834.078     17.470     17.470   2158.677    657.930   1522.715    635.962  TILE  7  PFT  7 FRAC     0.17
  1978     3.421      0.525      0.241      0.128      2.007     16.085     18.617   1958.904   2561.264    -70.518    -70.518   2029.422    602.360   1427.672    601.750  TILE  7  PFT  7 FRAC     0.17
  1979     3.464      0.384      0.198      0.104      2.348     16.168     18.900   1992.652   2619.899    155.193    155.193   1837.459    627.247   1287.323    550.136  TILE  7  PFT  7 FRAC     0.17
  1980     3.469      0.323      0.173      0.091      2.398     16.180     18.901   1799.901   2373.337    -57.525    -57.525   1857.426    573.436   1295.913    561.513  TILE  7  PFT  7 FRAC     0.17
  1981     3.381      0.007      0.001      0.001      2.559     16.563     19.129   1761.642   2326.351   -164.132   -164.132   1925.774    564.709   1368.720    557.054  TILE  7  PFT  7 FRAC     0.17
  1982     3.493      0.585      0.276      0.145      1.972     15.357     17.914   1662.940   2213.158   -169.444   -169.444   1832.384    550.218   1196.534    635.850  TILE  7  PFT  7 FRAC     0.17
  1983     3.483      0.538      0.247      0.131      1.859     15.367     17.765   1647.783   2170.347   -210.363   -210.363   1858.145    522.564   1291.645    566.501  TILE  7  PFT  7 FRAC     0.17
  1984     3.487      0.381      0.162      0.090      2.018     15.289     17.689   1604.201   2121.877    -42.755    -42.755   1646.956    517.676   1143.704    503.252  TILE  7  PFT  7 FRAC     0.17
  1985     3.492      0.346      0.147      0.080      1.986     15.334     17.667   1717.927   2266.810   -107.417   -107.417   1825.344    548.883   1275.966    549.377  TILE  7  PFT  7 FRAC     0.17
  1986     3.403      0.413      0.182      0.099      1.986     15.201     17.600   1839.675   2430.181      0.327      0.327   1839.348    590.506   1270.971    568.377  TILE  7  PFT  7 FRAC     0.17
  1987     3.420      0.149      0.054      0.031      1.999     14.544     16.692   1457.923   1940.088   -337.973   -337.973   1795.896    482.164   1210.507    585.389  TILE  7  PFT  7 FRAC     0.17
  1988     3.484      0.245      0.099      0.055      1.973     14.610     16.829   1883.894   2473.048     23.574     23.574   1860.320    589.154   1300.323    559.997  TILE  7  PFT  7 FRAC     0.17
  1989     3.404      0.252      0.102      0.057      1.997     14.415     16.663   1791.017   2358.612    -31.396    -31.396   1822.413    567.595   1257.698    564.715  TILE  7  PFT  7 FRAC     0.17
  1990     3.459      0.466      0.205      0.111      2.003     14.760     17.229   2045.900   2669.641    182.721    182.721   1863.179    623.741   1319.273    543.906  TILE  7  PFT  7 FRAC     0.17
  1991     3.433      0.520      0.236      0.129      1.983     14.874     17.377   1840.181   2412.366    -14.439    -14.439   1854.619    572.185   1298.741    555.878  TILE  7  PFT  7 FRAC     0.17
  1992     3.430      0.003      0.000      0.000      2.670     15.540     18.213   1991.054   2634.773    166.169    166.169   1824.884    643.720   1317.196    507.688  TILE  7  PFT  7 FRAC     0.17
  1993     3.495      0.014      0.003      0.002      2.603     15.634     18.251   1805.258   2381.203    -97.451    -97.451   1902.709    575.945   1332.990    569.719  TILE  7  PFT  7 FRAC     0.17
  1994     3.409      0.022      0.003      0.005      2.466     15.760     18.248   1784.665   2360.203   -165.162   -165.162   1949.827    575.538   1367.792    582.035  TILE  7  PFT  7 FRAC     0.17
  1995     3.524      0.237      0.096      0.053      2.250     15.906     18.393   2136.716   2798.087    -62.072    -62.072   2198.788    661.371   1541.411    657.378  TILE  7  PFT  7 FRAC     0.17
  1996     3.486      0.497      0.225      0.121      2.113     16.246     18.856   2099.039   2736.828     50.634     50.634   2048.405    637.789   1446.231    602.174  TILE  7  PFT  7 FRAC     0.17
  1997     3.460      0.064      0.040      0.024      2.665     16.597     19.326   2028.942   2660.205     42.057     42.057   1986.885    631.263   1403.090    583.795  TILE  7  PFT  7 FRAC     0.17
  1998     3.410      0.326      0.138      0.077      2.023     15.377     17.726   1281.930   1720.409   -524.156   -524.156   1806.086    438.478   1180.617    625.469  TILE  7  PFT  7 FRAC     0.17
  1999     3.455      0.579      0.268      0.141      1.983     15.440     18.002   2061.226   2696.279    144.023    144.023   1917.203    635.053   1337.490    579.713  TILE  7  PFT  7 FRAC     0.17
  2000     3.400      0.199      0.076      0.043      2.063     15.185     17.447   1324.932   1775.342   -348.870   -348.870   1673.802    450.410   1152.908    520.893  TILE  7  PFT  7 FRAC     0.17
  2001     3.466      0.290      0.119      0.065      2.003     15.142     17.435   1911.522   2511.178    -22.818    -22.818   1934.339    599.656   1343.754    590.586  TILE  7  PFT  7 FRAC     0.17
  2002     3.465      0.439      0.194      0.105      2.007     15.126     17.572   1958.729   2561.502     86.562     86.562   1872.167    602.772   1299.916    572.251  TILE  7  PFT  7 FRAC     0.17
  2003     3.409      0.337      0.141      0.077      2.000     15.228     17.565   1664.842   2208.348   -145.069   -145.069   1809.911    543.506   1267.738    542.173  TILE  7  PFT  7 FRAC     0.17
  2004     3.435      0.458      0.202      0.109      1.964     15.326     17.747   1896.694   2488.591     27.446     27.446   1869.248    591.896   1306.621    562.627  TILE  7  PFT  7 FRAC     0.17
  2005     3.474      0.445      0.195      0.107      2.014     15.167     17.627   1775.892   2335.893    -31.736    -31.736   1807.628    560.001   1249.901    557.727  TILE  7  PFT  7 FRAC     0.17
  2006     3.515      0.252      0.101      0.056      2.033     15.182     17.468   1612.673   2133.554   -212.073   -212.073   1824.746    520.882   1273.847    550.899  TILE  7  PFT  7 FRAC     0.17
  2007     3.461      0.422      0.186      0.101      2.042     15.187     17.651   2019.997   2643.177    104.933    104.933   1915.063    623.180   1333.674    581.389  TILE  7  PFT  7 FRAC     0.17
  2008     3.470      0.612      0.287      0.148      2.004     15.483     18.099   2073.869   2724.143     98.541     98.541   1975.328    650.275   1393.588    581.740  TILE  7  PFT  7 FRAC     0.17
  2009     3.458      0.049      0.014      0.009      2.545     15.661     18.254   2022.081   2657.058    -85.823    -85.823   2107.904    634.977   1480.062    627.842  TILE  7  PFT  7 FRAC     0.17
  2010     3.494      0.344      0.146      0.080      2.280     15.965     18.590   2191.519   2857.386     -5.495     -5.495   2197.014    665.866   1553.016    643.998  TILE  7  PFT  7 FRAC     0.17
  2011     3.488      0.528      0.242      0.128      2.074     16.434     19.037   2006.754   2623.029    -61.240    -61.240   2067.994    616.275   1469.590    598.404  TILE  7  PFT  7 FRAC     0.17
  2012     3.465      0.000      0.000      0.000      2.653     16.580     19.233   1976.968   2605.150     -7.151     -7.151   1984.118    628.182   1391.048    593.070  TILE  7  PFT  7 FRAC     0.17
  2013     3.398      0.314      0.170      0.087      2.291     16.279     18.885   1726.645   2267.260   -150.192   -150.192   1876.838    540.615   1285.014    591.823  TILE  7  PFT  7 FRAC     0.17
  2014     3.494      0.618      0.284      0.151      1.888     15.709     18.215   1610.220   2119.895   -205.859   -205.859   1816.079    509.675   1225.434    590.646  TILE  7  PFT  7 FRAC     0.17
  2015     3.437      0.539      0.247      0.133      1.878     15.476     17.893   1659.658   2187.222   -158.561   -158.561   1818.219    527.564   1250.854    567.365  TILE  7  PFT  7 FRAC     0.17
  2016     3.492      0.053      0.013      0.011      2.426     15.585     18.064   2052.777   2697.170      1.963      1.963   2050.814    644.393   1433.945    616.868  TILE  7  PFT  7 FRAC     0.17
  2017     3.459      0.348      0.147      0.079      2.194     15.858     18.400   2172.281   2829.367     13.154     13.154   2159.127    657.086   1521.845    637.282  TILE  7  PFT  7 FRAC     0.17
  2018     3.424      0.525      0.241      0.128      2.006     16.093     18.624   1959.963   2562.531    -69.691    -69.691   2029.653    602.568   1427.490    602.164  TILE  7  PFT  7 FRAC     0.17
  2019     3.454      0.278      0.152      0.080      2.431     16.170     18.879   1969.405   2590.410    132.972    132.972   1836.432    621.006   1286.429    550.003  TILE  7  PFT  7 FRAC     0.17
  2020     3.494      0.174      0.106      0.056      2.511     16.164     18.849   1776.362   2343.631    -71.298    -71.298   1847.660    567.268   1287.797    559.863  TILE  7  PFT  7 FRAC     0.17
  2021     3.416      0.023      0.001      0.010      2.528     16.338     18.889   1798.200   2372.601   -163.081   -163.081   1961.281    574.401   1379.653    581.628  TILE  7  PFT  7 FRAC     0.17
  2022     3.361      0.216      0.082      0.048      2.372     15.835     18.424   1995.700   2622.269    -57.349    -57.349   2053.049    626.569   1399.688    653.361  TILE  7  PFT  7 FRAC     0.17
  2023     3.368      0.437      0.193      0.104      2.078     16.339     18.854   2014.187   2630.905    -80.426    -80.426   2094.613    616.718   1491.773    602.840  TILE  7  PFT  7 FRAC     0.17
  2024     3.450      0.358      0.152      0.084      2.134     16.310     18.802   1714.338   2261.788    -61.755    -61.755   1776.094    547.450   1237.991    538.102  TILE  7  PFT  7 FRAC     0.17
  2025     3.466      0.305      0.127      0.070      2.060     16.173     18.538   1728.989   2280.989   -183.230   -183.230   1912.219    552.000   1324.893    587.325  TILE  7  PFT  7 FRAC     0.17
  2026     3.514      0.332      0.141      0.077      2.046     15.823     18.202   1842.652   2434.388    -70.835    -70.835   1913.487    591.736   1308.596    604.891  TILE  7  PFT  7 FRAC     0.17
  2027     3.474      0.134      0.047      0.028      2.073     15.047     17.254   1585.580   2098.872   -272.532   -272.532   1858.112    513.292   1246.239    611.873  TILE  7  PFT  7 FRAC     0.17
  2028     3.430      0.203      0.079      0.044      2.047     15.044     17.294   1922.286   2520.792    -10.408    -10.408   1932.694    598.506   1346.631    586.063  TILE  7  PFT  7 FRAC     0.17
  2029     3.468      0.207      0.082      0.046      2.054     14.742     17.003   1818.822   2393.456    -59.132    -59.132   1877.955    574.634   1289.649    588.305  TILE  7  PFT  7 FRAC     0.17
  2030     3.523      0.444      0.195      0.107      2.054     15.047     17.544   2095.449   2731.778    194.804    194.804   1900.645    636.329   1343.056    557.589  TILE  7  PFT  7 FRAC     0.17
  2031     3.427      0.521      0.236      0.129      2.006     15.145     17.671   1865.703   2444.439    -21.026    -21.026   1886.729    578.736   1320.395    566.335  TILE  7  PFT  7 FRAC     0.17
  2032     3.430      0.003      0.000      0.000      2.682     15.764     18.449   1993.267   2637.630    151.037    151.037   1842.230    644.363   1326.368    515.862  TILE  7  PFT  7 FRAC     0.17
  2033     3.495      0.014      0.003      0.002      2.608     15.802     18.424   1805.258   2381.203   -109.230   -109.230   1914.488    575.945   1337.639    576.849  TILE  7  PFT  7 FRAC     0.17
  2034     3.409      0.022      0.003      0.005      2.468     15.880     18.370   1784.636   2360.165   -172.188   -172.188   1956.824    575.528   1369.533    587.291  TILE  7  PFT  7 FRAC     0.17
  2035     3.485      0.268      0.108      0.059      2.187     15.918     18.373   2071.373   2712.856   -104.131   -104.131   2175.504    641.483   1517.869    657.635  TILE  7  PFT  7 FRAC     0.17
  2036     3.494      0.527      0.241      0.129      2.076     16.222     18.825   2103.248   2741.642     72.579     72.579   2030.669    638.393   1431.358    599.311  TILE  7  PFT  7 FRAC     0.17
  2037     3.433      0.000      0.000      0.000      2.670     16.551     19.221   1966.594   2580.408    -11.232    -11.232   1977.826    613.814   1395.193    582.632  TILE  7  PFT  7 FRAC     0.17
  2038     3.488      0.339      0.142      0.079      1.998     15.199     17.536   1307.549   1753.642   -491.807   -491.807   1799.355    446.094   1166.870    632.485  TILE  7  PFT  7 FRAC     0.17
  2039     3.457      0.579      0.268      0.141      1.983     15.316     17.878   2069.749   2707.022    160.695    160.695   1909.054    637.273   1335.578    573.477  TILE  7  PFT  7 FRAC     0.17
  2040     3.400      0.198      0.076      0.043      2.063     15.097     17.359   1324.998   1775.407   -345.011   -345.011   1670.009    450.409   1152.759    517.250  TILE  7  PFT  7 FRAC     0.17
  2041     3.329      0.290      0.119      0.065      1.979     14.999     17.268   1857.355   2442.954    -51.599    -51.599   1908.954    585.599   1322.214    586.739  TILE  7  PFT  7 FRAC     0.17
  2042     3.465      0.438      0.194      0.105      1.997     14.993     17.428   1958.086   2560.717    100.859    100.859   1857.227    602.630   1290.129    567.099  TILE  7  PFT  7 FRAC     0.17
  2043     3.407      0.337      0.141      0.077      1.995     15.118     17.449   1664.496   2207.898   -136.941   -136.941   1801.437    543.402   1263.421    538.016  TILE  7  PFT  7 FRAC     0.17
  2044     3.434      0.458      0.202      0.109      1.962     15.241     17.660   1896.975   2488.928     33.327     33.327   1863.648    591.954   1304.527    559.121  TILE  7  PFT  7 FRAC     0.17
  2045     3.476      0.445      0.195      0.106      2.014     15.104     17.563   1775.804   2335.785    -27.920    -27.920   1803.724    559.982   1248.742    554.982  TILE  7  PFT  7 FRAC     0.17
  2046     3.515      0.253      0.101      0.056      2.032     15.139     17.424   1612.811   2133.724   -209.704   -209.704   1822.515    520.913   1273.724    548.791  TILE  7  PFT  7 FRAC     0.17
  2047     3.461      0.422      0.186      0.101      2.042     15.157     17.621   2021.175   2644.623    108.026    108.026   1913.150    623.447   1333.300    579.850  TILE  7  PFT  7 FRAC     0.17
  2048     3.475      0.613      0.287      0.148      2.006     15.466     18.085   2077.026   2728.184    101.338    101.338   1975.688    651.158   1394.870    580.818  TILE  7  PFT  7 FRAC     0.17
  2049     3.458      0.049      0.014      0.009      2.546     15.652     18.246   2022.165   2657.164    -86.415    -86.415   2108.580    635.000   1481.119    627.461  TILE  7  PFT  7 FRAC     0.17
  2050     3.485      0.360      0.154      0.084      2.235     15.866     18.460   2125.087   2773.792    -44.088    -44.088   2169.175    648.705   1527.345    641.830  TILE  7  PFT  7 FRAC     0.17
  2051     3.489      0.539      0.245      0.130      2.048     16.317     18.904   1999.030   2613.026    -48.927    -48.927   2047.957    613.996   1454.358    593.599  TILE  7  PFT  7 FRAC     0.17
  2052     3.464      0.054      0.035      0.019      2.620     16.462     19.136   1999.984   2635.446     28.283     28.283   1971.702    635.461   1382.280    589.422  TILE  7  PFT  7 FRAC     0.17
  2053     3.383      0.282      0.156      0.081      2.309     16.248     18.839   1696.315   2227.907   -175.857   -175.857   1872.172    531.593   1287.669    584.503  TILE  7  PFT  7 FRAC     0.17
  2054     3.494      0.616      0.283      0.151      1.879     15.650     18.145   1603.137   2111.036   -204.480   -204.480   1807.616    507.900   1217.630    589.986  TILE  7  PFT  7 FRAC     0.17
  2055     3.428      0.539      0.247      0.133      1.873     15.418     17.829   1658.787   2186.157   -152.812   -152.812   1811.599    527.370   1246.347    565.252  TILE  7  PFT  7 FRAC     0.17
  2056     3.492      0.053      0.013      0.011      2.427     15.547     18.027   2059.777   2706.127     10.599     10.599   2049.177    646.351   1434.287    614.890  TILE  7  PFT  7 FRAC     0.17
  2057     3.459      0.348      0.147      0.079      2.195     15.834     18.377   2171.648   2828.581     13.414     13.414   2158.235    656.933   1522.216    636.019  TILE  7  PFT  7 FRAC     0.17
  2058     3.420      0.525      0.241      0.128      2.006     16.073     18.604   1959.243   2561.653    -69.500    -69.500   2028.743    602.411   1427.214    601.529  TILE  7  PFT  7 FRAC     0.17
  2059     3.454      0.278      0.152      0.080      2.431     16.156     18.865   1969.271   2590.249    133.719    133.719   1835.552    620.978   1286.211    549.341  TILE  7  PFT  7 FRAC     0.17
  2060     3.468      0.217      0.127      0.067      2.497     16.149     18.863   1799.718   2373.096    -43.305    -43.305   1843.023    573.378   1284.481    558.542  TILE  7  PFT  7 FRAC     0.17
  2061     3.417      0.010      0.001      0.002      2.562     16.569     19.141   1801.921   2377.306   -146.925   -146.925   1948.846    575.385   1387.598    561.248  TILE  7  PFT  7 FRAC     0.17
  2062     3.486      0.000      0.000      0.000      2.638     15.213     17.850   1764.490   2344.765   -112.718   -112.718   1877.208    580.275   1218.007    659.201  TILE  7  PFT  7 FRAC     0.17
  2063     3.492      0.282      0.156      0.079      2.295     15.326     17.902   1762.300   2322.633   -106.004   -106.004   1868.304    560.333   1305.831    562.473  TILE  7  PFT  7 FRAC     0.17
  2064     3.420      0.487      0.217      0.118      1.980     15.028     17.495   1483.670   1967.369   -171.544   -171.544   1655.214    483.699   1134.645    520.569  TILE  7  PFT  7 FRAC     0.17
  2065     3.406      0.459      0.201      0.110      1.950     15.167     17.575   1695.937   2242.599    -90.098    -90.098   1786.035    546.662   1254.710    531.325  TILE  7  PFT  7 FRAC     0.17
  2066     3.442      0.575      0.260      0.141      1.981     15.231     17.787   1910.591   2520.512     98.464     98.464   1812.127    609.921   1265.281    546.846  TILE  7  PFT  7 FRAC     0.17
  2067     3.451      0.222      0.086      0.049      1.986     14.722     16.930   1366.587   1828.787   -418.279   -418.279   1784.866    462.201   1212.816    572.049  TILE  7  PFT  7 FRAC     0.17
  2068     3.381      0.262      0.108      0.059      1.976     14.807     17.045   1852.148   2433.118    -14.010    -14.010   1866.158    580.970   1305.705    560.454  TILE  7  PFT  7 FRAC     0.17
  2069     3.432      0.251      0.102      0.057      2.005     14.577     16.833   1790.874   2358.282    -45.604    -45.604   1836.478    567.408   1265.389    571.089  TILE  7  PFT  7 FRAC     0.17
  2070     3.465      0.467      0.206      0.112      2.006     14.880     17.352   2046.803   2670.675    175.410    175.410   1871.393    623.872   1322.273    549.120  TILE  7  PFT  7 FRAC     0.17
  2071     3.433      0.520      0.235      0.128      1.984     14.961     17.465   1839.695   2411.786    -20.301    -20.301   1859.996    572.091   1300.385    559.612  TILE  7  PFT  7 FRAC     0.17
  2072     3.426      0.003      0.000      0.000      2.671     15.600     18.274   1991.470   2635.309    163.981    163.981   1827.490    643.838   1317.340    510.150  TILE  7  PFT  7 FRAC     0.17
  2073     3.495      0.014      0.003      0.002      2.604     15.674     18.292   1805.411   2381.387    -99.583    -99.583   1904.993    575.976   1333.425    571.568  TILE  7  PFT  7 FRAC     0.17
  2074     3.410      0.022      0.003      0.005      2.466     15.788     18.276   1784.792   2360.355   -166.430   -166.430   1951.222    575.563   1368.070    583.152  TILE  7  PFT  7 FRAC     0.17
  2075     3.524      0.237      0.096      0.053      2.249     15.921     18.406   2136.250   2797.500    -62.788    -62.788   2199.038    661.249   1540.918    658.120  TILE  7  PFT  7 FRAC     0.17
  2076     3.486      0.497      0.225      0.121      2.111     16.252     18.861   2098.990   2736.779     50.757     50.757   2048.233    637.789   1445.669    602.564  TILE  7  PFT  7 FRAC     0.17
  2077     3.492      0.064      0.040      0.024      2.664     16.594     19.322   2027.211   2657.956     40.749     40.749   1986.462    630.746   1402.151    584.311  TILE  7  PFT  7 FRAC     0.17
  2078     3.410      0.326      0.138      0.077      2.023     15.374     17.722   1281.889   1720.359   -523.732   -523.732   1805.621    438.470   1180.189    625.432  TILE  7  PFT  7 FRAC     0.17
  2079     3.476      0.512      0.228      0.124      2.009     15.458     17.979   2045.454   2670.786    106.860    106.860   1938.594    625.332   1354.203    584.391  TILE  7  PFT  7 FRAC     0.17
  2080     3.463      0.199      0.076      0.044      2.084     15.273     17.555   1413.302   1886.349   -281.687   -281.687   1694.990    473.046   1172.563    522.427  TILE  7  PFT  7 FRAC     0.17
  2081     3.476      0.290      0.119      0.065      2.013     15.231     17.534   1913.310   2513.428    -33.669    -33.669   1946.979    600.117   1352.849    594.130  TILE  7  PFT  7 FRAC     0.17
  2082     3.465      0.439      0.194      0.105      2.011     15.198     17.648   1958.697   2561.460     79.598     79.598   1879.099    602.763   1303.747    575.352  TILE  7  PFT  7 FRAC     0.17
  2083     3.409      0.337      0.141      0.077      2.003     15.285     17.625   1667.068   2211.254   -146.855   -146.855   1813.923    544.185   1269.640    544.283  TILE  7  PFT  7 FRAC     0.17
  2084     3.432      0.458      0.202      0.109      1.965     15.367     17.789   1896.668   2488.560     24.560     24.560   1872.108    591.893   1307.665    564.443  TILE  7  PFT  7 FRAC     0.17
  2085     3.476      0.445      0.195      0.107      2.015     15.197     17.657   1776.083   2336.136    -33.153    -33.153   1809.236    560.053   1250.356    558.879  TILE  7  PFT  7 FRAC     0.17
  2086     3.515      0.252      0.101      0.056      2.033     15.202     17.487   1612.313   2133.103   -213.541   -213.541   1825.854    520.790   1274.019    551.836  TILE  7  PFT  7 FRAC     0.17
  2087     3.461      0.419      0.185      0.100      2.041     15.198     17.658   2016.896   2639.391    101.470    101.470   1915.426    622.495   1333.493    581.933  TILE  7  PFT  7 FRAC     0.17
  2088     3.452      0.613      0.287      0.148      2.003     15.484     18.101   2075.693   2726.465    101.769    101.769   1973.923    650.772   1392.042    581.881  TILE  7  PFT  7 FRAC     0.17
  2089     3.458      0.049      0.014      0.009      2.545     15.660     18.254   2022.434   2657.527    -85.245    -85.245   2107.679    635.093   1479.944    627.735  TILE  7  PFT  7 FRAC     0.17
  2090     3.481      0.344      0.146      0.080      2.279     15.959     18.583   2188.680   2853.797     -7.272     -7.272   2195.952    665.117   1551.950    644.001  TILE  7  PFT  7 FRAC     0.17
  2091     3.488      0.529      0.242      0.128      2.073     16.428     19.030   2007.189   2623.557    -60.524    -60.524   2067.712    616.368   1469.515    598.197  TILE  7  PFT  7 FRAC     0.17
  2092     3.467      0.000      0.000      0.000      2.652     16.573     19.225   1976.749   2604.857     -6.844     -6.844   1983.593    628.108   1390.701    592.892  TILE  7  PFT  7 FRAC     0.17
  2093     3.398      0.314      0.170      0.087      2.291     16.272     18.877   1725.897   2266.366   -150.325   -150.325   1876.222    540.469   1284.634    591.588  TILE  7  PFT  7 FRAC     0.17
  2094     3.494      0.618      0.284      0.151      1.887     15.701     18.206   1610.201   2119.867   -205.368   -205.368   1815.569    509.666   1225.044    590.525  TILE  7  PFT  7 FRAC     0.17
  2095     3.437      0.539      0.247      0.133      1.877     15.468     17.884   1659.772   2187.360   -157.847   -157.847   1817.619    527.589   1250.486    567.133  TILE  7  PFT  7 FRAC     0.17
  2096     3.492      0.053      0.013      0.011      2.429     15.588     18.070   2058.599   2704.620      6.233      6.233   2052.366    646.021   1435.833    616.532  TILE  7  PFT  7 FRAC     0.17
  2097     3.459      0.348      0.147      0.079      2.195     15.864     18.408   2171.975   2828.991     11.189     11.189   2160.786    657.016   1523.298    637.488  TILE  7  PFT  7 FRAC     0.17
  2098     3.420      0.525      0.241      0.128      2.006     16.094     18.625   1959.095   2561.474    -70.647    -70.647   2029.741    602.379   1427.317    602.425  TILE  7  PFT  7 FRAC     0.17
  2099     3.454      0.278      0.152      0.080      2.431     16.171     18.881   1969.752   2590.825    133.532    133.532   1836.220    621.073   1286.238    549.981  TILE  7  PFT  7 FRAC     0.17
  2100     3.492      0.173      0.106      0.056      2.511     16.161     18.845   1775.276   2342.258    -72.461    -72.461   1847.737    566.982   1287.597    560.141  TILE  7  PFT  7 FRAC     0.17
  2101     3.396      0.023      0.001      0.010      2.523     16.324     18.871   1790.988   2363.381   -168.304   -168.304   1959.293    572.392   1377.565    581.728  TILE  7  PFT  7 FRAC     0.17
  2102     3.304      0.221      0.087      0.051      2.362     15.797     18.380   1982.036   2604.076    -60.919    -60.919   2042.956    622.040   1391.023    651.933  TILE  7  PFT  7 FRAC     0.17
  2103     3.491      0.420      0.184      0.100      2.096     16.334     18.850   2030.563   2651.746    -70.248    -70.248   2100.811    621.183   1498.320    602.491  TILE  7  PFT  7 FRAC     0.17
  2104     3.450      0.358      0.152      0.084      2.131     16.294     18.783   1707.194   2252.749    -67.016    -67.016   1774.210    545.554   1235.981    538.230  TILE  7  PFT  7 FRAC     0.17
  2105     3.466      0.304      0.127      0.070      2.059     16.159     18.522   1728.619   2280.525   -181.664   -181.664   1910.283    551.906   1323.565    586.718  TILE  7  PFT  7 FRAC     0.17
  2106     3.519      0.332      0.141      0.077      2.046     15.816     18.194   1843.400   2435.358    -68.815    -68.815   1912.215    591.958   1308.205    604.010  TILE  7  PFT  7 FRAC     0.17
  2107     3.474      0.134      0.047      0.028      2.073     15.041     17.249   1585.462   2098.716   -272.477   -272.477   1857.939    513.253   1246.237    611.702  TILE  7  PFT  7 FRAC     0.17
  2108     3.430      0.203      0.079      0.044      2.047     15.039     17.289   1921.851   2520.238    -10.618    -10.618   1932.468    598.387   1346.458    586.011  TILE  7  PFT  7 FRAC     0.17
  2109     3.468      0.207      0.081      0.046      2.054     14.738     16.999   1818.581   2393.150    -59.219    -59.219   1877.801    574.569   1289.583    588.218  TILE  7  PFT  7 FRAC     0.17
  2110     3.524      0.445      0.195      0.107      2.054     15.042     17.541   2095.720   2732.055    195.819    195.819   1899.901    636.335   1342.460    557.442  TILE  7  PFT  7 FRAC     0.17
  2111     3.427      0.521      0.236      0.129      2.007     15.145     17.673   1866.800   2445.790    -20.468    -20.468   1887.268    578.990   1321.099    566.168  TILE  7  PFT  7 FRAC     0.17
  2112     3.432      0.003      0.000      0.000      2.682     15.767     18.452   1993.422   2637.824    150.648    150.648   1842.775    644.401   1326.902    515.873  TILE  7  PFT  7 FRAC     0.17
  2113     3.495      0.014      0.003      0.002      2.609     15.804     18.428   1805.517   2381.515   -109.493   -109.493   1915.010    575.998   1338.075    576.935  TILE  7  PFT  7 FRAC     0.17
  2114     3.410      0.022      0.003      0.005      2.468     15.885     18.375   1784.775   2360.335   -172.544   -172.544   1957.319    575.561   1370.002    587.318  TILE  7  PFT  7 FRAC     0.17
  2115     3.524      0.236      0.096      0.053      2.250     15.987     18.473   2135.872   2797.030    -67.350    -67.350   2203.222    661.158   1541.768    661.454  TILE  7  PFT  7 FRAC     0.17
  2116     3.486      0.497      0.225      0.121      2.111     16.297     18.905   2098.605   2736.298     47.860     47.860   2050.745    637.693   1446.008    604.737  TILE  7  PFT  7 FRAC     0.17
  2117     3.459      0.064      0.040      0.024      2.665     16.627     19.355   2029.682   2661.186     41.625     41.625   1988.057    631.504   1402.538    585.519  TILE  7  PFT  7 FRAC     0.17
  2118     3.410      0.326      0.138      0.077      2.023     15.398     17.747   1281.963   1720.454   -525.047   -525.047   1807.010    438.491   1180.625    626.385  TILE  7  PFT  7 FRAC     0.17
  2119     3.476      0.512      0.228      0.124      2.009     15.474     17.994   2044.257   2669.295    105.302    105.302   1938.956    625.037   1353.843    585.112  TILE  7  PFT  7 FRAC     0.17
  2120     3.462      0.199      0.076      0.044      2.083     15.283     17.565   1413.350   1886.380   -281.992   -281.992   1695.342    473.030   1172.431    522.911  TILE  7  PFT  7 FRAC     0.17
  2121     3.475      0.290      0.119      0.065      2.013     15.237     17.540   1913.123   2513.190    -34.078    -34.078   1947.201    600.067   1352.733    594.467  TILE  7  PFT  7 FRAC     0.17
  2122     3.465      0.439      0.194      0.105      2.011     15.202     17.652   1958.640   2561.389     79.407     79.407   1879.233    602.749   1303.699    575.534  TILE  7  PFT  7 FRAC     0.17
  2123     3.409      0.337      0.141      0.077      2.001     15.283     17.621   1664.077   2207.347   -149.694   -149.694   1813.771    543.270   1269.083    544.688  TILE  7  PFT  7 FRAC     0.17
  2124     3.434      0.458      0.202      0.109      1.964     15.363     17.784   1897.195   2489.196     25.941     25.941   1871.254    592.001   1306.965    564.290  TILE  7  PFT  7 FRAC     0.17
  2125     3.477      0.445      0.195      0.106      2.015     15.192     17.652   1775.879   2335.882    -32.594    -32.594   1808.473    560.003   1249.753    558.720  TILE  7  PFT  7 FRAC     0.17
  2126     3.515      0.253      0.101      0.056      2.032     15.204     17.489   1612.789   2133.696   -212.566   -212.566   1825.355    520.907   1274.131    551.224  TILE  7  PFT  7 FRAC     0.17
  2127     3.461      0.422      0.186      0.101      2.042     15.202     17.665   2020.302   2643.567    104.779    104.779   1915.524    623.265   1333.638    581.885  TILE  7  PFT  7 FRAC     0.17
  2128     3.470      0.613      0.287      0.148      2.003     15.492     18.108   2074.086   2724.407     98.234     98.234   1975.852    650.321   1393.667    582.185  TILE  7  PFT  7 FRAC     0.17
  2129     3.457      0.049      0.014      0.009      2.545     15.664     18.258   2021.699   2656.575    -85.906    -85.906   2107.605    634.876   1479.580    628.025  TILE  7  PFT  7 FRAC     0.17
  2130     3.438      0.344      0.146      0.080      2.267     15.926     18.538   2164.659   2823.707    -21.955    -21.955   2186.613    659.048   1542.797    643.817  TILE  7  PFT  7 FRAC     0.17
  2131     3.488      0.528      0.242      0.128      2.069     16.389     18.986   2006.750   2623.026    -54.570    -54.570   2061.320    616.276   1464.518    596.802  TILE  7  PFT  7 FRAC     0.17
  2132     3.465      0.000      0.000      0.000      2.650     16.540     19.190   1975.769   2603.633     -4.451     -4.451   1980.220    627.864   1388.714    591.506  TILE  7  PFT  7 FRAC     0.17
  2133     3.398      0.314      0.170      0.087      2.290     16.246     18.850   1725.894   2266.363   -148.431   -148.431   1874.325    540.469   1283.775    590.549  TILE  7  PFT  7 FRAC     0.17
  2134     3.494      0.616      0.283      0.151      1.886     15.682     18.184   1608.032   2117.262   -206.208   -206.208   1814.239    509.231   1224.552    589.687  TILE  7  PFT  7 FRAC     0.17
  2135     3.428      0.539      0.247      0.133      1.876     15.450     17.865   1658.654   2185.991   -157.193   -157.193   1815.847    527.337   1249.364    566.482  TILE  7  PFT  7 FRAC     0.17
  2136     3.492      0.053      0.013      0.011      2.425     15.565     18.042   2052.725   2697.102      3.486      3.486   2049.239    644.377   1433.244    615.995  TILE  7  PFT  7 FRAC     0.17
  2137     3.485      0.348      0.147      0.079      2.196     15.850     18.394   2175.810   2833.666     16.740     16.740   2159.070    657.856   1522.646    636.425  TILE  7  PFT  7 FRAC     0.17
  2138     3.424      0.525      0.241      0.128      2.007     16.090     18.622   1959.790   2562.329    -70.363    -70.363   2030.153    602.538   1428.095    602.058  TILE  7  PFT  7 FRAC     0.17
  2139     3.464      0.384      0.198      0.104      2.345     16.168     18.898   1989.759   2616.223    152.245    152.245   1837.515    626.463   1287.238    550.276  TILE  7  PFT  7 FRAC     0.17
  2140     3.392      0.173      0.105      0.056      2.502     16.178     18.854   1757.685   2319.682    -98.574    -98.574   1856.259    561.998   1295.040    561.218  TILE  7  PFT  7 FRAC     0.17
  2141     3.396      0.023      0.001      0.010      2.521     16.327     18.871   1793.128   2366.109   -163.609   -163.609   1956.737    572.981   1374.774    581.963  TILE  7  PFT  7 FRAC     0.17
  2142     3.352      0.216      0.082      0.048      2.361     15.796     18.373   1979.190   2600.691    -63.863    -63.863   2043.053    621.501   1390.773    652.280  TILE  7  PFT  7 FRAC     0.17
  2143     3.368      0.436      0.192      0.104      2.073     16.295     18.805   2013.098   2629.567    -74.809    -74.809   2087.907    616.469   1486.712    601.195  TILE  7  PFT  7 FRAC     0.17
  2144     3.450      0.358      0.152      0.084      2.132     16.270     18.760   1714.174   2261.580    -58.578    -58.578   1772.752    547.406   1235.979    536.773  TILE  7  PFT  7 FRAC     0.17
  2145     3.466      0.304      0.127      0.070      2.059     16.142     18.506   1728.726   2280.658   -181.348   -181.348   1910.074    551.932   1323.938    586.136  TILE  7  PFT  7 FRAC     0.17
  2146     3.514      0.333      0.141      0.078      2.046     15.801     18.179   1843.422   2435.354    -68.883    -68.883   1912.306    591.931   1308.360    603.945  TILE  7  PFT  7 FRAC     0.17
  2147     3.368      0.145      0.052      0.030      2.020     14.980     17.145   1517.511   2014.031   -317.569   -317.569   1835.080    496.520   1227.044    608.036  TILE  7  PFT  7 FRAC     0.17
  2148     3.488      0.225      0.090      0.050      2.007     14.944     17.176   1908.315   2503.531     10.438     10.438   1897.877    595.216   1319.821    578.055  TILE  7  PFT  7 FRAC     0.17
  2149     3.493      0.206      0.079      0.045      2.034     14.630     16.870   1795.381   2364.122    -63.860    -63.860   1859.241    568.741   1275.637    583.604  TILE  7  PFT  7 FRAC     0.17
  2150     3.477      0.468      0.206      0.112      2.035     15.019     17.522   2134.687   2780.781    228.141    228.141   1906.546    646.095   1352.893    553.653  TILE  7  PFT  7 FRAC     0.17
  2151     3.433      0.520      0.235      0.128      1.997     15.099     17.615   1840.162   2412.373    -37.631    -37.631   1877.793    572.212   1312.881    564.912  TILE  7  PFT  7 FRAC     0.17
  2152     3.426      0.003      0.000      0.000      2.677     15.717     18.397   1992.635   2636.802    155.871    155.871   1836.764    644.167   1322.481    514.282  TILE  7  PFT  7 FRAC     0.17
  2153     3.495      0.014      0.003      0.002      2.606     15.763     18.383   1805.284   2381.236   -105.722   -105.722   1911.006    575.952   1335.749    575.257  TILE  7  PFT  7 FRAC     0.17
  2154     3.409      0.022      0.003      0.005      2.467     15.851     18.340   1784.657   2360.194   -170.314   -170.314   1954.971    575.537   1368.915    586.055  TILE  7  PFT  7 FRAC     0.17
  2155     3.524      0.237      0.096      0.053      2.250     15.964     18.450   2136.699   2798.064    -65.119    -65.119   2201.818    661.366   1541.494    660.324  TILE  7  PFT  7 FRAC     0.17
  2156     3.486      0.497      0.224      0.121      2.111     16.283     18.891   2098.447   2736.119     48.429     48.429   2050.018    637.672   1446.109    603.910  TILE  7  PFT  7 FRAC     0.17
  2157     3.424      0.000      0.000      0.000      2.666     16.608     19.274   1968.371   2582.754    -19.751    -19.751   1988.122    614.382   1402.303    585.819  TILE  7  PFT  7 FRAC     0.17
  2158     3.487      0.339      0.142      0.079      1.994     15.222     17.556   1307.494   1753.557   -493.446   -493.446   1800.939    446.063   1165.757    635.182  TILE  7  PFT  7 FRAC     0.17
  2159     3.457      0.579      0.267      0.141      1.981     15.326     17.886   2068.542   2705.563    160.428    160.428   1908.115    637.020   1333.984    574.130  TILE  7  PFT  7 FRAC     0.17
  2160     3.400      0.199      0.076      0.043      2.062     15.101     17.362   1325.437   1775.974   -344.254   -344.254   1669.690    450.537   1152.102    517.588  TILE  7  PFT  7 FRAC     0.17
  2161     3.470      0.290      0.119      0.065      2.003     15.084     17.377   1912.379   2512.247    -19.416    -19.416   1931.795    599.868   1343.828    587.967  TILE  7  PFT  7 FRAC     0.17
  2162     3.465      0.435      0.192      0.104      2.007     15.086     17.528   1955.672   2557.799     84.796     84.796   1870.876    602.127   1300.310    570.566  TILE  7  PFT  7 FRAC     0.17
  2163     3.407      0.337      0.141      0.077      1.999     15.192     17.528   1665.136   2208.807   -141.839   -141.839   1806.975    543.670   1266.009    540.966  TILE  7  PFT  7 FRAC     0.17
  2164     3.434      0.458      0.202      0.109      1.963     15.298     17.719   1896.859   2488.780     29.168     29.168   1867.690    591.921   1306.186    561.504  TILE  7  PFT  7 FRAC     0.17
  2165     3.475      0.446      0.195      0.107      2.015     15.146     17.606   1776.536   2336.684    -29.734    -29.734   1806.270    560.148   1249.436    556.835  TILE  7  PFT  7 FRAC     0.17
  2166     3.515      0.253      0.101      0.056      2.033     15.173     17.459   1613.804   2134.967   -210.666   -210.666   1824.470    521.163   1274.538    549.932  TILE  7  PFT  7 FRAC     0.17
  2167     3.461      0.423      0.186      0.101      2.043     15.184     17.649   2022.046   2645.674    106.895    106.895   1915.151    623.628   1334.211    580.940  TILE  7  PFT  7 FRAC     0.17
  2168     3.462      0.327      0.178      0.091      2.378     15.533     18.238   2155.644   2831.734    187.345    187.345   1968.300    676.090   1392.311    575.989  TILE  7  PFT  7 FRAC     0.17
  2169     3.393      0.069      0.020      0.013      2.450     15.633     18.152   1876.792   2474.832   -250.904   -250.904   2127.695    598.040   1488.867    638.828  TILE  7  PFT  7 FRAC     0.17
  2170     3.488      0.360      0.155      0.084      2.229     15.893     18.482   2171.614   2832.091     27.983     27.983   2143.631    660.478   1512.386    631.244  TILE  7  PFT  7 FRAC     0.17
  2171     3.489      0.543      0.247      0.130      2.046     16.329     18.918   2001.946   2616.748    -43.189    -43.189   2045.135    614.802   1451.273    593.862  TILE  7  PFT  7 FRAC     0.17
  2172     3.438      0.000      0.000      0.000      2.662     16.469     19.131   1977.860   2605.926     14.392     14.392   1963.468    628.066   1376.144    587.325  TILE  7  PFT  7 FRAC     0.17
  2173     3.396      0.314      0.170      0.087      2.294     16.215     18.824   1725.667   2266.246   -151.535   -151.535   1877.202    540.579   1288.511    588.691  TILE  7  PFT  7 FRAC     0.17
  2174     3.494      0.618      0.284      0.151      1.889     15.668     18.175   1610.233   2119.904   -205.148   -205.148   1815.381    509.671   1226.522    588.859  TILE  7  PFT  7 FRAC     0.17
  2175     3.437      0.539      0.247      0.133      1.878     15.447     17.864   1659.361   2186.861   -158.077   -158.077   1817.438    527.500   1251.222    566.215  TILE  7  PFT  7 FRAC     0.17
  2176     3.492      0.053      0.013      0.011      2.425     15.565     18.043   2052.090   2696.278      2.516      2.516   2049.574    644.188   1433.732    615.842  TILE  7  PFT  7 FRAC     0.17
  2177     3.485      0.348      0.147      0.079      2.196     15.851     18.396   2175.743   2833.585     16.261     16.261   2159.482    657.843   1522.954    636.528  TILE  7  PFT  7 FRAC     0.17
  2178     3.421      0.525      0.241      0.128      2.007     16.089     18.620   1959.516   2561.982    -70.594    -70.594   2030.109    602.466   1427.936    602.173  TILE  7  PFT  7 FRAC     0.17
  2179     3.462      0.384      0.198      0.104      2.348     16.167     18.899   1991.963   2619.069    154.462    154.462   1837.501    627.106   1287.288    550.213  TILE  7  PFT  7 FRAC     0.17
  2180     3.391      0.174      0.106      0.056      2.504     16.181     18.858   1757.919   2319.945    -98.908    -98.908   1856.827    562.026   1295.670    561.157  TILE  7  PFT  7 FRAC     0.17
  2181     3.417      0.023      0.001      0.010      2.525     16.339     18.887   1798.424   2372.890   -160.308   -160.308   1958.732    574.465   1376.776    581.956  TILE  7  PFT  7 FRAC     0.17
  2182     3.347      0.220      0.083      0.049      2.363     15.809     18.392   1982.490   2604.733    -62.147    -62.147   2044.637    622.243   1391.970    652.667  TILE  7  PFT  7 FRAC     0.17
  2183     3.368      0.436      0.193      0.104      2.078     16.322     18.836   2017.770   2635.442    -74.643    -74.643   2092.413    617.672   1490.811    601.602  TILE  7  PFT  7 FRAC     0.17
  2184     3.450      0.358      0.152      0.084      2.134     16.298     18.790   1714.263   2261.691    -61.083    -61.083   1775.346    547.427   1237.831    537.515  TILE  7  PFT  7 FRAC     0.17
  2185     3.466      0.305      0.127      0.070      2.060     16.166     18.530   1729.097   2281.119   -182.807   -182.807   1911.904    552.022   1324.939    586.964  TILE  7  PFT  7 FRAC     0.17
  2186     3.515      0.332      0.141      0.077      2.046     15.818     18.196   1842.799   2434.572    -70.581    -70.581   1913.380    591.773   1308.658    604.722  TILE  7  PFT  7 FRAC     0.17
  2187     3.473      0.134      0.047      0.028      2.073     15.042     17.249   1585.273   2098.473   -272.624   -272.624   1857.897    513.200   1246.199    611.698  TILE  7  PFT  7 FRAC     0.17
  2188     3.430      0.203      0.079      0.044      2.046     15.039     17.288   1921.182   2519.401    -10.871    -10.871   1932.053    598.219   1346.083    585.970  TILE  7  PFT  7 FRAC     0.17
  2189     3.468      0.207      0.081      0.046      2.054     14.736     16.996   1818.653   2393.238    -59.015    -59.015   1877.668    574.586   1289.415    588.253  TILE  7  PFT  7 FRAC     0.17
  2190     3.523      0.444      0.195      0.107      2.053     15.040     17.537   2094.928   2731.126    194.846    194.846   1900.081    636.199   1342.598    557.483  TILE  7  PFT  7 FRAC     0.17
  2191     3.427      0.521      0.236      0.129      2.006     15.139     17.665   1865.649   2444.370    -20.695    -20.695   1886.343    578.722   1320.191    566.152  TILE  7  PFT  7 FRAC     0.17
  2192     3.430      0.003      0.000      0.000      2.681     15.761     18.445   1993.305   2637.669    151.215    151.215   1842.090    644.363   1326.369    515.720  TILE  7  PFT  7 FRAC     0.17
  2193     3.495      0.014      0.003      0.002      2.609     15.799     18.421   1805.377   2381.349   -108.797   -108.797   1914.174    575.972   1337.479    576.695  TILE  7  PFT  7 FRAC     0.17
  2194     3.407      0.022      0.003      0.005      2.468     15.880     18.369   1783.947   2359.280   -172.777   -172.777   1956.724    575.333   1369.624    587.100  TILE  7  PFT  7 FRAC     0.17
  2195     3.524      0.236      0.096      0.053      2.249     15.982     18.468   2135.909   2797.076    -66.839    -66.839   2202.748    661.166   1541.506    661.242  TILE  7  PFT  7 FRAC     0.17
  2196     3.486      0.497      0.225      0.121      2.111     16.295     18.903   2098.520   2736.192     48.128     48.128   2050.392    637.672   1445.865    604.528  TILE  7  PFT  7 FRAC     0.17
  2197     3.425      0.000      0.000      0.000      2.666     16.617     19.283   1968.295   2582.651    -20.310    -20.310   1988.605    614.356   1402.307    586.298  TILE  7  PFT  7 FRAC     0.17
  2198     3.487      0.340      0.142      0.079      1.995     15.229     17.563   1307.873   1754.042   -493.373   -493.373   1801.245    446.170   1165.829    635.417  TILE  7  PFT  7 FRAC     0.17
  2199     3.457      0.579      0.267      0.141      1.982     15.333     17.893   2068.433   2705.435    159.646    159.646   1908.787    637.002   1334.424    574.362  TILE  7  PFT  7 FRAC     0.17
  2200     3.400      0.199      0.076      0.043      2.062     15.106     17.367   1325.046   1775.491   -344.947   -344.947   1669.992    450.445   1152.125    517.867  TILE  7  PFT  7 FRAC     0.17
  2201     3.468      0.290      0.119      0.065      2.003     15.088     17.381   1912.058   2511.854    -19.707    -19.707   1931.765    599.796   1343.671    588.094  TILE  7  PFT  7 FRAC     0.17
  2202     3.465      0.438      0.194      0.105      2.007     15.088     17.534   1958.274   2560.952     87.703     87.703   1870.570    602.678   1299.938    570.633  TILE  7  PFT  7 FRAC     0.17
  2203     3.407      0.337      0.141      0.077      1.999     15.199     17.536   1664.588   2208.015   -144.164   -144.164   1808.752    543.427   1267.587    541.165  TILE  7  PFT  7 FRAC     0.17
  2204     3.437      0.458      0.202      0.109      1.964     15.304     17.725   1897.602   2489.685     29.149     29.149   1868.453    592.083   1306.595    561.858  TILE  7  PFT  7 FRAC     0.17
  2205     3.476      0.445      0.195      0.107      2.015     15.152     17.612   1776.018   2336.050    -30.596    -30.596   1806.614    560.032   1249.668    556.946  TILE  7  PFT  7 FRAC     0.17
  2206     3.515      0.252      0.101      0.056      2.033     15.172     17.457   1612.328   2133.124   -212.200   -212.200   1824.528    520.796   1274.064    550.464  TILE  7  PFT  7 FRAC     0.17
  2207     3.461      0.422      0.186      0.101      2.041     15.179     17.642   2019.919   2643.070    105.482    105.482   1914.437    623.151   1333.455    580.981  TILE  7  PFT  7 FRAC     0.17
  2208     3.470      0.612      0.287      0.148      2.006     15.479     18.097   2076.190   2727.155    100.858    100.858   1975.333    650.965   1393.937    581.395  TILE  7  PFT  7 FRAC     0.17
  2209     3.498      0.046      0.012      0.008      2.561     15.685     18.291   2039.490   2679.537    -71.837    -71.837   2111.326    640.047   1484.406    626.920  TILE  7  PFT  7 FRAC     0.17
  2210     3.364      0.344      0.146      0.080      2.252     15.882     18.478   2121.725   2769.938    -56.246    -56.246   2177.970    648.214   1532.314    645.657  TILE  7  PFT  7 FRAC     0.17
  2211     3.488      0.529      0.242      0.128      2.064     16.339     18.932   2008.577   2625.230    -44.974    -44.974   2053.550    616.653   1458.643    594.907  TILE  7  PFT  7 FRAC     0.17
  2212     3.466      0.000      0.000      0.000      2.648     16.499     19.147   1976.690   2604.783     -0.260     -0.260   1976.950    628.092   1386.973    589.977  TILE  7  PFT  7 FRAC     0.17
  2213     3.398      0.314      0.170      0.087      2.289     16.217     18.820   1725.710   2266.145   -146.589   -146.589   1872.299    540.435   1283.023    589.277  TILE  7  PFT  7 FRAC     0.17
  2214     3.494      0.618      0.284      0.151      1.887     15.662     18.167   1610.244   2119.921   -202.937   -202.937   1813.182    509.677   1224.451    588.731  TILE  7  PFT  7 FRAC     0.17
  2215     3.437      0.539      0.247      0.133      1.877     15.442     17.859   1659.601   2187.150   -156.743   -156.743   1816.344    527.549   1250.429    565.915  TILE  7  PFT  7 FRAC     0.17
  2216     3.492      0.053      0.013      0.011      2.426     15.561     18.040   2052.723   2697.100      3.542      3.542   2049.181    644.377   1433.540    615.641  TILE  7  PFT  7 FRAC     0.17
  2217     3.459      0.348      0.147      0.079      2.194     15.843     18.385   2171.998   2829.019     13.593     13.593   2158.404    657.021   1521.930    636.474  TILE  7  PFT  7 FRAC     0.17
  2218     3.420      0.525      0.241      0.128      2.005     16.078     18.608   1958.990   2561.350    -69.559    -69.559   2028.549    602.360   1426.841    601.708  TILE  7  PFT  7 FRAC     0.17
  2219     3.453      0.278      0.152      0.080      2.432     16.157     18.867   1970.734   2592.078    135.672    135.672   1835.062    621.344   1285.569    549.493  TILE  7  PFT  7 FRAC     0.17
  2220     3.495      0.174      0.106      0.056      2.512     16.153     18.839   1776.102   2343.314    -71.931    -71.931   1848.033    567.212   1288.263    559.770  TILE  7  PFT  7 FRAC     0.17
  2221     3.414      0.024      0.001      0.010      2.526     16.324     18.874   1796.155   2369.996   -165.266   -165.266   1961.422    573.840   1379.603    581.819  TILE  7  PFT  7 FRAC     0.17
  2222     3.471      0.221      0.087      0.051      2.382     15.856     18.459   2018.697   2651.283    -38.611    -38.611   2057.308    632.586   1405.080    652.228  TILE  7  PFT  7 FRAC     0.17
  2223     3.491      0.420      0.184      0.100      2.105     16.403     18.927   2030.889   2652.164    -80.753    -80.753   2111.642    621.275   1506.632    605.010  TILE  7  PFT  7 FRAC     0.17
  2224     3.450      0.358      0.152      0.084      2.134     16.355     18.848   1707.117   2252.649    -72.431    -72.431   1779.548    545.532   1239.178    540.371  TILE  7  PFT  7 FRAC     0.17
  2225     3.466      0.304      0.127      0.070      2.060     16.206     18.571   1728.874   2280.852   -184.957   -184.957   1913.831    551.978   1325.183    588.647  TILE  7  PFT  7 FRAC     0.17
  2226     3.502      0.331      0.141      0.077      2.044     15.848     18.223   1839.402   2430.249    -74.250    -74.250   1913.653    590.847   1308.168    605.485  TILE  7  PFT  7 FRAC     0.17
  2227     3.472      0.134      0.047      0.028      2.072     15.059     17.266   1585.289   2098.507   -272.189   -272.189   1857.478    513.218   1245.008    612.470  TILE  7  PFT  7 FRAC     0.17
  2228     3.430      0.203      0.079      0.044      2.047     15.051     17.300   1922.470   2521.022    -10.260    -10.260   1932.730    598.552   1346.248    586.482  TILE  7  PFT  7 FRAC     0.17
  2229     3.468      0.207      0.079      0.045      2.054     14.746     17.007   1818.946   2393.641    -59.278    -59.278   1878.224    574.694   1289.717    588.507  TILE  7  PFT  7 FRAC     0.17
  2230     3.524      0.445      0.195      0.107      2.054     15.047     17.546   2096.274   2732.768    196.143    196.143   1900.131    636.494   1342.411    557.720  TILE  7  PFT  7 FRAC     0.17
  2231     3.418      0.520      0.235      0.128      2.005     15.146     17.671   1863.340   2441.493    -23.916    -23.916   1887.256    578.152   1320.833    566.423  TILE  7  PFT  7 FRAC     0.17
  2232     3.427      0.003      0.000      0.000      2.680     15.760     18.443   1991.685   2635.583    150.523    150.523   1841.162    643.899   1325.245    515.917  TILE  7  PFT  7 FRAC     0.17
  2233     3.495      0.014      0.003      0.002      2.608     15.797     18.419   1805.382   2381.355   -108.378   -108.378   1913.760    575.972   1337.035    576.725  TILE  7  PFT  7 FRAC     0.17
  2234     3.408      0.022      0.003      0.005      2.468     15.875     18.365   1784.302   2359.738   -171.913   -171.913   1956.215    575.435   1369.104    587.111  TILE  7  PFT  7 FRAC     0.17
  2235     3.524      0.237      0.096      0.053      2.251     15.983     18.471   2138.814   2800.764    -65.005    -65.005   2203.819    661.950   1542.619    661.200  TILE  7  PFT  7 FRAC     0.17
  2236     3.486      0.497      0.225      0.121      2.112     16.297     18.907   2099.324   2737.165     48.291     48.291   2051.032    637.842   1446.503    604.529  TILE  7  PFT  7 FRAC     0.17
  2237     3.428      0.000      0.000      0.000      2.667     16.621     19.288   1968.694   2583.167    -20.566    -20.566   1989.260    614.473   1402.941    586.320  TILE  7  PFT  7 FRAC     0.17
  2238     3.487      0.340      0.142      0.079      1.995     15.235     17.569   1307.760   1753.900   -493.925   -493.925   1801.685    446.140   1166.147    635.538  TILE  7  PFT  7 FRAC     0.17
  2239     3.427      0.579      0.268      0.141      1.978     15.331     17.888   2065.369   2701.494    156.592    156.592   1908.778    636.124   1334.049    574.729  TILE  7  PFT  7 FRAC     0.17
  2240     3.400      0.199      0.076      0.044      2.061     15.101     17.361   1325.845   1776.488   -342.810   -342.810   1668.655    450.644   1151.061    517.594  TILE  7  PFT  7 FRAC     0.17
  2241     3.477      0.290      0.119      0.065      2.004     15.084     17.378   1913.546   2513.726    -18.270    -18.270   1931.817    600.179   1343.868    587.949  TILE  7  PFT  7 FRAC     0.17
  2242     3.465      0.438      0.194      0.105      2.007     15.086     17.531   1958.113   2560.756     87.705     87.705   1870.407    602.644   1299.952    570.456  TILE  7  PFT  7 FRAC     0.17
  2243     3.407      0.337      0.141      0.077      1.999     15.197     17.533   1664.577   2208.001   -144.094   -144.094   1808.670    543.424   1267.579    541.092  TILE  7  PFT  7 FRAC     0.17
  2244     3.435      0.458      0.202      0.109      1.963     15.301     17.723   1897.416   2489.466     29.285     29.285   1868.131    592.050   1306.443    561.688  TILE  7  PFT  7 FRAC     0.17
  2245     3.467      0.446      0.195      0.107      2.009     15.118     17.573   1758.724   2314.224    -37.978    -37.978   1796.702    555.500   1240.607    556.095  TILE  7  PFT  7 FRAC     0.17
  2246     3.448      0.290      0.118      0.065      1.998     15.167     17.454   1613.161   2133.773   -201.952   -201.952   1815.113    520.612   1269.467    545.646  TILE  7  PFT  7 FRAC     0.17
  2247     3.428      0.446      0.196      0.106      1.985     15.081     17.512   1945.436   2549.044     63.094     63.094   1882.342    603.607   1304.625    577.717  TILE  7  PFT  7 FRAC     0.17
  2248     3.523      0.065      0.041      0.024      2.600     15.485     18.150   2148.109   2822.999    188.346    188.346   1959.763    674.890   1390.096    569.667  TILE  7  PFT  7 FRAC     0.17
  2249     3.311      0.139      0.049      0.029      2.321     15.696     18.156   1894.630   2490.409   -257.728   -257.728   2152.358    595.779   1513.747    638.610  TILE  7  PFT  7 FRAC     0.17
  2250     3.503      0.373      0.162      0.088      2.186     15.907     18.467   2137.711   2790.466     51.396     51.396   2086.315    652.755   1468.752    617.563  TILE  7  PFT  7 FRAC     0.17
  2251     3.372      0.574      0.266      0.139      2.000     16.242     18.816   1974.752   2581.971    -39.481    -39.481   2014.234    607.219   1422.655    591.578  TILE  7  PFT  7 FRAC     0.17
  2252     3.441      0.000      0.000      0.000      2.666     16.397     19.062   1988.488   2619.707     33.770     33.770   1954.718    631.219   1371.046    583.671  TILE  7  PFT  7 FRAC     0.17
  2253     3.456      0.417      0.214      0.109      2.209     16.174     18.799   1742.257   2287.840   -136.084   -136.084   1878.342    545.583   1291.387    586.955  TILE  7  PFT  7 FRAC     0.17
  2254     3.417      0.581      0.268      0.144      1.921     15.724     18.226   1612.697   2123.456   -216.329   -216.329   1829.026    510.759   1242.750    586.276  TILE  7  PFT  7 FRAC     0.17
  2255     3.515      0.471      0.211      0.113      1.930     15.532     17.932   1680.007   2214.158   -166.469   -166.469   1846.477    534.151   1273.591    572.885  TILE  7  PFT  7 FRAC     0.17
  2256     3.491      0.009      0.002      0.001      2.516     15.832     18.357   2051.294   2693.918     79.889     79.889   1971.404    642.624   1391.030    580.374  TILE  7  PFT  7 FRAC     0.17
  2257     3.368      0.152      0.055      0.031      2.217     15.760     18.129   1927.423   2533.389   -232.094   -232.094   2159.516    605.966   1498.746    660.770  TILE  7  PFT  7 FRAC     0.17
  2258     3.414      0.429      0.189      0.103      2.078     16.009     18.517   2127.899   2775.044     76.845     76.845   2051.054    647.145   1443.596    607.457  TILE  7  PFT  7 FRAC     0.17
  2259     3.503      0.605      0.281      0.151      2.087     16.176     18.868   2027.508   2665.063    148.010    148.010   1879.498    637.555   1322.818    556.680  TILE  7  PFT  7 FRAC     0.17
  2260     3.414      0.382      0.198      0.104      2.331     16.244     18.957   1861.717   2451.796    -20.586    -20.586   1882.303    590.080   1317.287    565.016  TILE  7  PFT  7 FRAC     0.17
  2261     3.473      0.006      0.001      0.001      2.618     16.632     19.255   1827.531   2410.961    -99.844    -99.844   1927.375    583.430   1370.298    557.077  TILE  7  PFT  7 FRAC     0.17
  2262     3.414      0.627      0.292      0.155      1.931     15.612     18.171   1630.389   2170.716   -205.794   -205.794   1836.183    540.327   1211.977    624.206  TILE  7  PFT  7 FRAC     0.17
  2263     3.385      0.552      0.255      0.133      1.849     15.572     17.973   1662.743   2189.046   -213.059   -213.059   1875.802    526.304   1300.702    575.100  TILE  7  PFT  7 FRAC     0.17
  2264     3.488      0.382      0.162      0.090      2.021     15.446     17.849   1607.307   2125.846    -47.822    -47.822   1655.129    518.539   1146.277    508.852  TILE  7  PFT  7 FRAC     0.17
  2265     3.492      0.346      0.147      0.080      1.988     15.447     17.781   1718.034   2266.943   -113.264   -113.264   1831.298    548.909   1277.266    554.031  TILE  7  PFT  7 FRAC     0.17
  2266     3.492      0.386      0.165      0.090      2.009     15.275     17.669   1840.802   2432.363     -8.681     -8.681   1849.483    591.561   1275.565    573.918  TILE  7  PFT  7 FRAC     0.17
  2267     3.342      0.156      0.056      0.032      1.987     14.634     16.776   1468.147   1953.088   -338.266   -338.266   1806.413    484.941   1219.054    587.360  TILE  7  PFT  7 FRAC     0.17
  2268     3.484      0.245      0.099      0.055      1.982     14.702     16.929   1905.797   2500.506     37.073     37.073   1868.724    594.709   1306.336    562.387  TILE  7  PFT  7 FRAC     0.17
  2269     3.404      0.251      0.102      0.057      2.000     14.485     16.737   1790.645   2358.151    -37.987    -37.987   1828.632    567.506   1260.718    567.914  TILE  7  PFT  7 FRAC     0.17
  2270     3.465      0.469      0.207      0.112      2.005     14.811     17.284   2048.961   2673.259    182.464    182.464   1866.496    624.299   1320.416    546.081  TILE  7  PFT  7 FRAC     0.17
  2271     3.433      0.520      0.235      0.128      1.984     14.917     17.421   1840.981   2413.380    -18.203    -18.203   1859.185    572.399   1301.488    557.697  TILE  7  PFT  7 FRAC     0.17
  2272     3.427      0.003      0.000      0.000      2.671     15.570     18.244   1991.656   2635.539    165.086    165.086   1826.570    643.883   1317.620    508.950  TILE  7  PFT  7 FRAC     0.17
  2273     3.495      0.014      0.003      0.002      2.604     15.654     18.272   1805.303   2381.260    -98.917    -98.917   1904.220    575.957   1333.580    570.640  TILE  7  PFT  7 FRAC     0.17
  2274     3.409      0.022      0.003      0.005      2.466     15.773     18.261   1784.702   2360.252   -166.126   -166.126   1950.828    575.550   1368.091    582.737  TILE  7  PFT  7 FRAC     0.17
  2275     3.524      0.237      0.096      0.053      2.247     15.905     18.389   2133.230   2793.689    -64.606    -64.606   2197.836    660.459   1540.013    657.823  TILE  7  PFT  7 FRAC     0.17
  2276     3.486      0.496      0.224      0.121      2.110     16.238     18.845   2098.051   2735.648     51.020     51.020   2047.031    637.597   1444.955    602.076  TILE  7  PFT  7 FRAC     0.17
  2277     3.460      0.064      0.040      0.024      2.663     16.585     19.312   2028.454   2659.579     43.122     43.122   1985.332    631.125   1401.854    583.478  TILE  7  PFT  7 FRAC     0.17
  2278     3.410      0.325      0.138      0.077      2.022     15.367     17.715   1281.765   1720.201   -523.181   -523.181   1804.946    438.436   1179.899    625.047  TILE  7  PFT  7 FRAC     0.17
  2279     3.456      0.579      0.268      0.141      1.983     15.430     17.992   2061.541   2696.688    145.398    145.398   1916.143    635.148   1336.955    579.188  TILE  7  PFT  7 FRAC     0.17
  2280     3.400      0.199      0.076      0.043      2.063     15.178     17.440   1325.283   1775.793   -348.123   -348.123   1673.406    450.510   1152.878    520.528  TILE  7  PFT  7 FRAC     0.17
  2281     3.470      0.290      0.119      0.065      2.004     15.138     17.432   1912.318   2512.170    -22.143    -22.143   1934.460    599.852   1344.104    590.357  TILE  7  PFT  7 FRAC     0.17
  2282     3.465      0.439      0.194      0.105      2.008     15.123     17.569   1959.409   2562.329     86.800     86.800   1872.609    602.919   1300.371    572.238  TILE  7  PFT  7 FRAC     0.17
  2283     3.408      0.337      0.141      0.077      2.002     15.229     17.567   1666.938   2211.090   -143.385   -143.385   1810.324    544.151   1268.336    541.988  TILE  7  PFT  7 FRAC     0.17
  2284     3.431      0.458      0.202      0.109      1.964     15.326     17.749   1897.099   2489.078     27.147     27.147   1869.952    591.979   1307.179    562.772  TILE  7  PFT  7 FRAC     0.17
  2285     3.467      0.446      0.195      0.107      2.010     15.137     17.593   1758.810   2314.333    -39.373    -39.373   1798.183    555.522   1241.256    556.928  TILE  7  PFT  7 FRAC     0.17
  2286     3.448      0.290      0.118      0.065      1.998     15.181     17.469   1613.194   2133.816   -202.837   -202.837   1816.032    520.621   1269.749    546.283  TILE  7  PFT  7 FRAC     0.17
  2287     3.429      0.443      0.195      0.105      1.984     15.092     17.520   1942.194   2545.109     58.970     58.970   1883.224    602.915   1304.996    578.227  TILE  7  PFT  7 FRAC     0.17
  2288     3.522      0.065      0.041      0.024      2.599     15.484     18.148   2146.546   2821.012    188.628    188.628   1957.918    674.466   1387.934    569.984  TILE  7  PFT  7 FRAC     0.17
  2289     3.311      0.139      0.049      0.029      2.320     15.692     18.152   1894.118   2489.756   -257.481   -257.481   2151.599    595.638   1512.993    638.606  TILE  7  PFT  7 FRAC     0.17
  2290     3.503      0.373      0.162      0.088      2.186     15.903     18.463   2137.878   2790.676     52.168     52.168   2085.711    652.798   1468.262    617.448  TILE  7  PFT  7 FRAC     0.17
  2291     3.372      0.573      0.266      0.139      1.999     16.237     18.810   1973.547   2580.518    -40.198    -40.198   2013.745    606.971   1422.280    591.466  TILE  7  PFT  7 FRAC     0.17
  2292     3.420      0.000      0.000      0.000      2.629     16.357     18.986   1943.172   2561.226     -4.256     -4.256   1947.427    618.054   1363.533    583.894  TILE  7  PFT  7 FRAC     0.17
  2293     3.487      0.212      0.125      0.065      2.361     16.054     18.627   1703.767   2238.506   -158.457   -158.457   1862.224    534.739   1274.499    587.725  TILE  7  PFT  7 FRAC     0.17
  2294     3.397      0.600      0.277      0.147      1.903     15.469     17.971   1613.142   2123.536   -179.201   -179.201   1792.342    510.394   1207.773    584.569  TILE  7  PFT  7 FRAC     0.17
  2295     3.411      0.539      0.247      0.133      1.869     15.260     17.668   1634.912   2156.027   -161.369   -161.369   1796.280    521.115   1237.111    559.169  TILE  7  PFT  7 FRAC     0.17
  2296     3.492      0.053      0.013      0.011      2.421     15.425     17.899   2051.116   2695.044     11.966     11.966   2039.149    643.928   1429.610    609.540  TILE  7  PFT  7 FRAC     0.17
  2297     3.376      0.348      0.147      0.079      2.186     15.772     18.306   2175.884   2831.384     16.736     16.736   2159.148    655.499   1526.933    632.215  TILE  7  PFT  7 FRAC     0.17
  2298     3.422      0.525      0.241      0.128      2.003     16.018     18.545   1959.351   2561.781    -63.781    -63.781   2023.132    602.430   1423.756    599.377  TILE  7  PFT  7 FRAC     0.17
  2299     3.453      0.278      0.152      0.080      2.430     16.112     18.820   1969.230   2590.205    137.176    137.176   1832.054    620.975   1284.468    547.586  TILE  7  PFT  7 FRAC     0.17
  2300     3.495      0.174      0.106      0.056      2.512     16.118     18.803   1776.639   2343.956    -68.937    -68.937   1845.576    567.316   1287.188    558.389  TILE  7  PFT  7 FRAC     0.17
