  1902     0.550      0.140      0.032      0.093      0.070      0.160      0.370    189.419    291.814    138.454    138.454     50.965    102.396     45.588      5.377  TILE  5  PFT  5 FRAC     0.00
  1903     0.649      0.150      0.039      0.099      0.076      0.209      0.435    255.231    387.921    182.835    182.835     72.396    132.690     64.177      8.219  TILE  5  PFT  5 FRAC     0.00
  1904     0.703      0.169      0.048      0.108      0.131      0.354      0.653    227.183    346.853    140.319    140.319     86.863    119.671     76.291     10.572  TILE  5  PFT  5 FRAC     0.01
  1905     0.761      0.174      0.057      0.113      0.290      0.801      1.266    207.588    331.690     73.482     73.376    134.106    124.102    117.823     16.283  TILE  5  PFT  5 FRAC     0.01
  1906     0.820      0.207      0.068      0.125      0.396      1.541      2.145    240.369    377.341      4.677      4.263    235.692    136.973    200.896     34.795  TILE  5  PFT  5 FRAC     0.01
  1907     0.803      0.226      0.078      0.137      0.295      2.060      2.581    206.724    338.437    -64.875    -65.628    271.598    131.713    218.603     52.996  TILE  5  PFT  5 FRAC     0.02
  1908     0.919      0.240      0.089      0.146      0.264      2.288      2.792    224.687    365.347    -21.315    -21.792    246.003    140.660    181.958     64.044  TILE  5  PFT  5 FRAC     0.02
  1909     0.954      0.273      0.102      0.158      0.204      2.299      2.776    234.574    379.931      4.815      4.419    229.760    145.357    159.935     69.825  TILE  5  PFT  5 FRAC     0.03
  1910     1.079      0.302      0.119      0.173      0.185      2.215      2.702    239.932    398.950     39.009     38.665    200.923    159.018    133.283     67.640  TILE  5  PFT  5 FRAC     0.03
  1911     1.086      0.331      0.136      0.186      0.178      2.260      2.769    234.571    398.770     32.246     31.872    202.325    164.199    132.901     69.424  TILE  5  PFT  5 FRAC     0.04
  1912     1.087      0.361      0.152      0.198      0.203      2.489      3.053    229.078    391.453     27.332     26.866    201.746    162.376    134.134     67.612  TILE  5  PFT  5 FRAC     0.04
  1913     1.171      0.392      0.170      0.209      0.197      2.658      3.247    235.135    402.239     12.742     12.188    222.393    167.103    145.154     77.239  TILE  5  PFT  5 FRAC     0.05
  1914     1.256      0.432      0.191      0.229      0.199      2.709      3.339    274.248    464.048     46.683     46.068    227.565    189.800    147.082     80.483  TILE  5  PFT  5 FRAC     0.06
  1915     1.322      0.475      0.215      0.249      0.207      2.825      3.507    281.918    484.875     42.826     42.073    239.093    202.957    153.359     85.733  TILE  5  PFT  5 FRAC     0.06
  1916     1.416      0.518      0.240      0.265      0.245      2.870      3.633    299.020    511.789     61.438     60.446    237.582    212.769    152.038     85.544  TILE  5  PFT  5 FRAC     0.07
  1917     1.474      0.555      0.265      0.279      0.309      3.095      3.959    301.572    517.416     38.248     36.832    263.324    215.844    175.224     88.100  TILE  5  PFT  5 FRAC     0.09
  1918     1.287      0.559      0.278      0.269      0.232      3.089      3.880    197.539    387.919    -82.531    -84.444    280.070    190.380    182.678     97.392  TILE  5  PFT  5 FRAC     0.09
  1919     1.520      0.598      0.303      0.285      0.266      3.218      4.082    303.574    538.553     46.696     45.102    256.878    234.979    164.343     92.535  TILE  5  PFT  5 FRAC     0.10
  1920     1.382      0.589      0.313      0.269      0.225      3.140      3.954    196.950    394.945    -65.562    -67.785    262.512    197.995    165.249     97.262  TILE  5  PFT  5 FRAC     0.10
  1921     1.530      0.610      0.332      0.270      0.218      3.154      3.982    244.767    453.699      0.478     -1.504    244.289    208.932    149.508     94.781  TILE  5  PFT  5 FRAC     0.11
  1922     1.530      0.640      0.352      0.278      0.227      3.221      4.087    266.514    486.761     23.557     21.536    242.958    220.247    148.292     94.665  TILE  5  PFT  5 FRAC     0.12
  1923     1.546      0.659      0.369      0.281      0.220      3.166      4.045    240.377    447.674      4.765      2.345    235.612    207.297    143.768     91.845  TILE  5  PFT  5 FRAC     0.13
  1924     1.590      0.701      0.391      0.296      0.225      3.180      4.105    280.174    504.463     39.949     37.622    240.225    224.289    147.638     92.588  TILE  5  PFT  5 FRAC     0.13
  1925     1.513      0.683      0.399      0.276      0.230      3.124      4.037    196.859    403.320    -42.130    -44.875    238.988    206.461    143.806     95.182  TILE  5  PFT  5 FRAC     0.14
  1926     1.555      0.707      0.415      0.283      0.237      3.165      4.108    257.698    474.844     14.006     11.102    243.691    217.146    155.047     88.644  TILE  5  PFT  5 FRAC     0.14
  1927     1.633      0.742      0.434      0.298      0.242      3.153      4.136    282.555    514.163     25.398     22.554    257.157    231.608    160.478     96.679  TILE  5  PFT  5 FRAC     0.15
  1928     1.706      0.787      0.458      0.315      0.258      3.224      4.269    303.529    546.798     36.538     33.466    266.991    243.270    171.014     95.976  TILE  5  PFT  5 FRAC     0.16
  1929     1.667      0.812      0.476      0.320      0.271      3.320      4.403    277.920    523.604      2.201     -1.596    275.719    245.684    178.171     97.548  TILE  5  PFT  5 FRAC     0.16
  1930     1.690      0.813      0.491      0.310      0.270      3.339      4.422    242.115    479.703    -32.983    -37.171    275.097    237.588    175.124     99.973  TILE  5  PFT  5 FRAC     0.17
  1931     1.788      0.869      0.518      0.333      0.310      3.487      4.665    321.755    572.884     40.219     36.026    281.536    251.128    183.038     98.497  TILE  5  PFT  5 FRAC     0.18
  1932     1.757      0.872      0.533      0.327      0.294      3.589      4.754    260.033    507.404    -50.242    -55.446    310.274    247.371    202.218    108.056  TILE  5  PFT  5 FRAC     0.18
  1933     1.895      0.923      0.562      0.345      0.295      3.599      4.817    326.034    588.598     32.143     27.297    293.891    262.563    188.616    105.276  TILE  5  PFT  5 FRAC     0.19
  1934     1.805      0.920      0.575      0.332      0.276      3.579      4.775    251.429    497.768    -37.272    -43.004    288.702    246.339    183.226    105.476  TILE  5  PFT  5 FRAC     0.20
  1935     1.805      0.929      0.590      0.328      0.255      3.512      4.696    259.963    507.293    -23.086    -28.753    283.049    247.330    178.229    104.820  TILE  5  PFT  5 FRAC     0.20
  1936     2.005      1.012      0.627      0.365      0.267      3.457      4.736    384.318    669.414    102.386     97.687    281.932    285.096    178.957    102.975  TILE  5  PFT  5 FRAC     0.21
  1937     1.992      1.046      0.650      0.376      0.275      3.454      4.775    327.550    604.643     38.519     32.738    289.031    277.093    185.770    103.261  TILE  5  PFT  5 FRAC     0.22
  1938     2.060      1.089      0.680      0.390      0.285      3.494      4.868    340.206    632.315     48.122     41.812    292.084    292.109    190.562    101.522  TILE  5  PFT  5 FRAC     0.23
  1939     1.838      1.049      0.680      0.357      0.286      3.492      4.827    227.721    486.202    -53.412    -61.174    281.134    258.481    181.748     99.385  TILE  5  PFT  5 FRAC     0.23
  1940     1.885      1.051      0.689      0.349      0.273      3.516      4.841    273.210    539.749     -5.323    -12.617    278.533    266.539    183.160     95.374  TILE  5  PFT  5 FRAC     0.23
  1941     1.904      1.056      0.699      0.346      0.278      3.504      4.839    281.290    544.982     -1.240     -8.499    282.530    263.692    181.908    100.622  TILE  5  PFT  5 FRAC     0.23
  1942     1.829      1.022      0.695      0.314      0.263      3.419      4.704    201.128    441.085    -69.967    -78.217    271.095    239.957    168.856    102.239  TILE  5  PFT  5 FRAC     0.23
  1943     1.981      1.056      0.713      0.326      0.266      3.399      4.721    295.842    556.024     26.146     19.138    269.696    260.183    170.874     98.822  TILE  5  PFT  5 FRAC     0.24
  1944     1.910      1.055      0.719      0.322      0.261      3.256      4.572    255.500    507.230    -11.571    -19.253    267.070    251.731    166.644    100.426  TILE  5  PFT  5 FRAC     0.24
  1945     1.913      1.063      0.728      0.322      0.260      3.228      4.550    264.792    515.633      4.754     -3.107    260.038    250.841    167.394     92.644  TILE  5  PFT  5 FRAC     0.24
  1946     1.982      1.083      0.742      0.330      0.266      3.236      4.585    286.165    545.977     19.220     11.905    266.944    259.812    171.479     95.465  TILE  5  PFT  5 FRAC     0.24
  1947     1.782      1.054      0.737      0.309      0.261      3.215      4.530    218.208    455.808    -40.592    -48.860    258.800    237.600    167.523     91.277  TILE  5  PFT  5 FRAC     0.24
  1948     1.951      1.077      0.750      0.316      0.263      3.223      4.563    276.532    528.481     13.506      5.857    263.026    251.948    169.406     93.620  TILE  5  PFT  5 FRAC     0.24
  1949     1.935      1.088      0.757      0.318      0.260      3.162      4.509    261.883    510.361      4.636     -3.289    257.247    248.478    163.599     93.649  TILE  5  PFT  5 FRAC     0.25
  1950     2.076      1.131      0.777      0.335      0.269      3.164      4.564    316.398    588.476     54.011     46.350    262.387    272.078    170.046     92.341  TILE  5  PFT  5 FRAC     0.25
  1951     1.926      1.119      0.781      0.323      0.273      3.185      4.577    253.666    517.760    -19.883    -28.189    273.549    264.094    177.392     96.157  TILE  5  PFT  5 FRAC     0.25
  1952     1.871      1.093      0.778      0.304      0.278      3.253      4.624    221.513    464.285    -49.459    -58.085    270.972    242.772    177.955     93.017  TILE  5  PFT  5 FRAC     0.25
  1953     1.930      1.100      0.782      0.306      0.267      3.244      4.610    254.678    504.526    -24.082    -32.182    278.760    249.847    179.833     98.927  TILE  5  PFT  5 FRAC     0.25
  1954     1.983      1.126      0.795      0.319      0.271      3.254      4.651    296.019    558.106     21.446     13.751    274.573    262.087    178.516     96.057  TILE  5  PFT  5 FRAC     0.25
  1955     2.059      1.167      0.812      0.336      0.283      3.293      4.744    320.936    596.458     35.421     27.772    285.515    275.522    186.600     98.915  TILE  5  PFT  5 FRAC     0.26
  1956     2.095      1.204      0.831      0.350      0.322      3.381      4.908    327.064    613.909     38.208     30.180    288.855    286.846    190.333     98.522  TILE  5  PFT  5 FRAC     0.26
  1957     2.135      1.238      0.851      0.365      0.347      3.585      5.170    336.375    625.524     23.892     15.347    312.483    289.148    213.195     99.288  TILE  5  PFT  5 FRAC     0.27
  1958     1.898      1.183      0.840      0.331      0.295      3.612      5.090    204.864    465.552   -109.074   -118.753    313.938    260.688    210.697    103.241  TILE  5  PFT  5 FRAC     0.26
  1959     2.157      1.230      0.861      0.352      0.303      3.627      5.160    344.229    638.631     39.513     31.608    304.716    294.403    198.423    106.292  TILE  5  PFT  5 FRAC     0.27
  1960     1.890      1.162      0.844      0.308      0.279      3.518      4.959    180.284    427.978   -111.285   -121.120    291.569    247.694    185.712    105.857  TILE  5  PFT  5 FRAC     0.27
  1961     2.078      1.172      0.837      0.323      0.263      3.442      4.878    264.844    527.810    -14.221    -22.838    279.065    262.965    175.664    103.401  TILE  5  PFT  5 FRAC     0.27
  1962     2.027      1.185      0.841      0.330      0.277      3.420      4.883    284.786    552.055      8.902      0.451    275.884    267.270    174.607    101.277  TILE  5  PFT  5 FRAC     0.27
  1963     1.989      1.174      0.839      0.323      0.278      3.393      4.846    244.358    499.674    -24.571    -33.878    268.929    255.316    172.312     96.617  TILE  5  PFT  5 FRAC     0.27
  1964     2.052      1.199      0.845      0.334      0.290      3.414      4.902    294.780    560.919     17.266      8.578    277.514    266.139    179.572     97.942  TILE  5  PFT  5 FRAC     0.27
  1965     1.929      1.148      0.829      0.309      0.291      3.374      4.813    205.158    455.113    -76.036    -85.592    281.194    249.955    179.894    101.300  TILE  5  PFT  5 FRAC     0.27
  1966     1.935      1.154      0.828      0.314      0.285      3.406      4.845    262.552    513.833    -13.060    -22.016    275.612    251.281    181.310     94.302  TILE  5  PFT  5 FRAC     0.27
  1967     2.001      1.179      0.834      0.331      0.292      3.394      4.864    296.965    567.368      9.772      1.587    287.193    270.403    185.538    101.655  TILE  5  PFT  5 FRAC     0.27
  1968     2.050      1.208      0.849      0.340      0.300      3.462      4.970    306.636    582.949     10.522      2.360    296.114    276.313    194.193    101.921  TILE  5  PFT  5 FRAC     0.27
  1969     2.028      1.209      0.855      0.337      0.311      3.536      5.056    279.235    552.123    -22.435    -31.365    301.670    272.887    199.184    102.486  TILE  5  PFT  5 FRAC     0.27
  1970     2.043      1.200      0.853      0.331      0.300      3.535      5.035    257.284    525.408    -42.794    -51.915    300.078    268.124    194.894    105.183  TILE  5  PFT  5 FRAC     0.27
  1971     2.101      1.247      0.871      0.352      0.315      3.602      5.164    327.432    608.192     28.965     20.504    298.466    280.760    195.470    102.996  TILE  5  PFT  5 FRAC     0.27
  1972     2.054      1.236      0.877      0.344      0.302      3.641      5.179    268.295    545.562    -46.366    -55.661    314.661    277.267    206.019    108.642  TILE  5  PFT  5 FRAC     0.27
  1973     2.193      1.281      0.899      0.362      0.312      3.645      5.239    337.495    627.474     35.749     27.199    301.747    289.978    196.934    104.813  TILE  5  PFT  5 FRAC     0.28
  1974     2.097      1.260      0.897      0.347      0.302      3.624      5.185    260.582    533.190    -41.553    -51.231    302.135    272.608    195.402    106.733  TILE  5  PFT  5 FRAC     0.28
  1975     2.094      1.251      0.895      0.342      0.288      3.598      5.136    263.084    535.597    -33.422    -42.802    296.505    272.513    191.855    104.650  TILE  5  PFT  5 FRAC     0.28
  1976     2.300      1.328      0.924      0.379      0.308      3.610      5.246    398.746    709.865     96.151     88.402    302.595    311.119    197.889    104.706  TILE  5  PFT  5 FRAC     0.28
  1977     2.195      1.355      0.942      0.390      0.314      3.690      5.359    333.763    632.318     18.788      9.967    314.975    298.554    209.172    105.803  TILE  5  PFT  5 FRAC     0.28
  1978     2.324      1.390      0.966      0.403      0.324      3.769      5.483    352.941    668.602     35.471     26.475    317.470    315.661    211.738    105.733  TILE  5  PFT  5 FRAC     0.29
  1979     2.022      1.335      0.956      0.365      0.319      3.796      5.450    230.265    507.315    -75.190    -85.728    305.456    277.049    200.979    104.476  TILE  5  PFT  5 FRAC     0.29
  1980     2.073      1.329      0.951      0.362      0.305      3.841      5.475    280.473    566.381    -21.829    -31.575    302.302    285.908    201.245    101.057  TILE  5  PFT  5 FRAC     0.29
  1981     2.093      1.320      0.951      0.356      0.308      3.830      5.458    282.586    562.176    -23.358    -32.925    305.944    279.590    198.629    107.315  TILE  5  PFT  5 FRAC     0.28
  1982     2.001      1.269      0.921      0.335      0.291      3.724      5.284    200.315    457.007    -95.499   -106.361    295.814    256.692    186.089    109.725  TILE  5  PFT  5 FRAC     0.28
  1983     2.164      1.290      0.915      0.354      0.291      3.699      5.280    301.983    579.501      9.861      0.791    292.122    277.518    186.640    105.482  TILE  5  PFT  5 FRAC     0.28
  1984     2.052      1.272      0.909      0.346      0.290      3.584      5.146    258.005    528.735    -29.695    -39.342    287.700    270.730    182.452    105.249  TILE  5  PFT  5 FRAC     0.28
  1985     2.031      1.261      0.907      0.340      0.289      3.567      5.117    258.343    523.571    -28.666    -38.313    287.009    265.228    185.968    101.041  TILE  5  PFT  5 FRAC     0.28
  1986     2.148      1.266      0.909      0.346      0.286      3.539      5.092    285.131    561.223     -4.989    -13.741    290.119    276.092    186.475    103.645  TILE  5  PFT  5 FRAC     0.28
  1987     1.932      1.226      0.894      0.323      0.282      3.517      5.025    218.558    468.551    -55.975    -65.632    274.533    249.993    178.642     95.891  TILE  5  PFT  5 FRAC     0.28
  1988     2.059      1.240      0.891      0.336      0.278      3.487      5.004    276.017    540.570     -5.899    -14.732    281.917    264.553    180.937    100.980  TILE  5  PFT  5 FRAC     0.28
  1989     2.054      1.236      0.889      0.335      0.279      3.409      4.925    257.094    518.419    -15.368    -24.436    272.461    261.325    172.732     99.729  TILE  5  PFT  5 FRAC     0.28
  1990     2.201      1.273      0.894      0.358      0.292      3.400      4.965    323.778    608.529     43.016     34.353    280.762    284.751    181.900     98.863  TILE  5  PFT  5 FRAC     0.28
  1991     2.071      1.247      0.889      0.341      0.297      3.420      4.964    256.211    533.781    -38.314    -47.712    294.525    277.570    191.889    102.636  TILE  5  PFT  5 FRAC     0.28
  1992     1.980      1.210      0.876      0.323      0.295      3.463      4.968    221.315    475.835    -67.317    -76.974    288.632    254.519    189.744     98.888  TILE  5  PFT  5 FRAC     0.28
  1993     2.001      1.206      0.869      0.326      0.281      3.434      4.920    252.928    513.059    -39.374    -48.312    292.302    260.131    188.301    104.001  TILE  5  PFT  5 FRAC     0.28
  1994     2.063      1.225      0.877      0.336      0.286      3.420      4.931    295.278    566.632     10.037      1.666    285.241    271.354    184.690    100.551  TILE  5  PFT  5 FRAC     0.28
  1995     2.104      1.261      0.891      0.349      0.298      3.463      5.022    317.925    601.567     20.705     12.408    297.220    283.643    194.109    103.111  TILE  5  PFT  5 FRAC     0.28
  1996     2.168      1.293      0.904      0.363      0.335      3.555      5.182    330.358    626.148     29.321     20.637    301.037    295.790    198.719    102.318  TILE  5  PFT  5 FRAC     0.28
  1997     2.183      1.325      0.925      0.377      0.349      3.758      5.431    337.138    633.676     14.460      5.340    322.678    296.539    220.320    102.357  TILE  5  PFT  5 FRAC     0.28
  1998     1.923      1.262      0.911      0.339      0.302      3.761      5.325    203.130    470.571   -117.663   -127.902    320.793    267.441    213.468    107.325  TILE  5  PFT  5 FRAC     0.28
  1999     2.195      1.307      0.925      0.364      0.306      3.750      5.363    345.831    645.344     34.594     26.201    311.237    299.513    201.669    109.568  TILE  5  PFT  5 FRAC     0.28
  2000     1.923      1.229      0.899      0.320      0.288      3.649      5.166    177.750    432.067   -119.374   -129.773    297.123    254.318    189.504    107.620  TILE  5  PFT  5 FRAC     0.28
  2001     2.112      1.233      0.886      0.334      0.272      3.566      5.072    263.428    532.076    -24.035    -33.097    287.464    268.648    180.860    106.603  TILE  5  PFT  5 FRAC     0.28
  2002     2.061      1.242      0.886      0.340      0.287      3.537      5.067    284.809    558.129      0.499     -8.365    284.310    273.320    179.817    104.493  TILE  5  PFT  5 FRAC     0.28
  2003     2.012      1.226      0.880      0.333      0.286      3.509      5.022    241.998    501.914    -35.021    -44.773    277.019    259.915    177.644     99.375  TILE  5  PFT  5 FRAC     0.28
  2004     2.086      1.247      0.883      0.344      0.296      3.521      5.064    294.506    565.420      9.714      0.694    284.792    270.914    183.975    100.816  TILE  5  PFT  5 FRAC     0.28
  2005     1.958      1.192      0.863      0.318      0.298      3.473      4.962    204.969    459.602    -83.223    -93.159    288.193    254.633    184.294    103.899  TILE  5  PFT  5 FRAC     0.28
  2006     1.969      1.192      0.859      0.321      0.292      3.496      4.980    262.409    518.271    -18.871    -28.141    281.280    255.862    184.764     96.516  TILE  5  PFT  5 FRAC     0.27
  2007     2.045      1.215      0.862      0.338      0.299      3.483      4.997    299.450    574.063      5.976     -2.482    293.474    274.613    189.803    103.671  TILE  5  PFT  5 FRAC     0.28
  2008     2.085      1.241      0.875      0.346      0.304      3.541      5.085    307.756    587.774      5.904     -2.514    301.852    280.018    197.889    103.963  TILE  5  PFT  5 FRAC     0.28
  2009     2.065      1.238      0.880      0.342      0.314      3.604      5.156    278.833    554.474    -26.722    -35.882    305.555    275.640    201.208    104.347  TILE  5  PFT  5 FRAC     0.28
  2010     2.080      1.227      0.874      0.337      0.302      3.590      5.119    258.686    529.675    -44.779    -54.093    303.466    270.989    196.588    106.877  TILE  5  PFT  5 FRAC     0.28
  2011     2.138      1.271      0.890      0.357      0.316      3.641      5.229    327.741    611.573     26.886     18.266    300.855    283.832    196.512    104.343  TILE  5  PFT  5 FRAC     0.28
  2012     2.094      1.258      0.895      0.348      0.305      3.676      5.239    270.151    550.547    -46.167    -55.618    316.318    280.396    207.176    109.142  TILE  5  PFT  5 FRAC     0.28
  2013     2.233      1.303      0.916      0.367      0.316      3.680      5.298    341.356    634.848     37.223     28.530    304.133    293.492    198.865    105.268  TILE  5  PFT  5 FRAC     0.28
  2014     2.139      1.280      0.911      0.352      0.307      3.660      5.248    264.383    540.672    -40.649    -50.509    305.032    276.289    197.662    107.370  TILE  5  PFT  5 FRAC     0.28
  2015     2.083      1.270      0.910      0.345      0.290      3.646      5.205    259.618    532.788    -40.972    -50.516    300.589    273.170    194.963    105.627  TILE  5  PFT  5 FRAC     0.28
  2016     2.293      1.347      0.940      0.383      0.310      3.655      5.313    397.448    709.479     92.512     84.659    304.936    312.031    199.084    105.852  TILE  5  PFT  5 FRAC     0.29
  2017     2.238      1.374      0.958      0.393      0.317      3.730      5.421    336.852    638.129     20.102     11.154    316.750    301.277    210.359    106.391  TILE  5  PFT  5 FRAC     0.29
  2018     2.324      1.409      0.982      0.405      0.325      3.806      5.539    351.611    668.294     31.235     22.108    320.376    316.682    213.480    106.897  TILE  5  PFT  5 FRAC     0.29
  2019     2.072      1.352      0.971      0.367      0.320      3.824      5.496    231.695    510.469    -75.485    -86.147    307.180    278.774    201.847    105.333  TILE  5  PFT  5 FRAC     0.29
  2020     2.121      1.345      0.963      0.366      0.309      3.866      5.520    284.136    572.958    -19.533    -29.392    303.669    288.822    202.074    101.595  TILE  5  PFT  5 FRAC     0.29
  2021     2.083      1.333      0.963      0.357      0.312      3.865      5.510    280.390    561.166    -28.362    -38.079    308.752    280.775    201.039    107.713  TILE  5  PFT  5 FRAC     0.29
  2022     1.997      1.280      0.931      0.335      0.295      3.763      5.338    199.609    457.249    -99.211   -110.225    298.820    257.640    188.207    110.613  TILE  5  PFT  5 FRAC     0.28
  2023     2.161      1.299      0.924      0.354      0.294      3.740      5.333    301.088    579.048      6.061     -3.119    295.027    277.959    188.522    106.505  TILE  5  PFT  5 FRAC     0.28
  2024     2.050      1.281      0.917      0.347      0.291      3.623      5.195    257.116    528.256    -33.098    -42.838    290.214    271.139    183.905    106.310  TILE  5  PFT  5 FRAC     0.28
  2025     2.077      1.270      0.913      0.343      0.290      3.595      5.155    260.568    527.471    -27.646    -37.355    288.214    266.903    186.424    101.790  TILE  5  PFT  5 FRAC     0.28
  2026     2.143      1.275      0.915      0.349      0.287      3.565      5.126    283.791    560.493     -7.481    -16.277    291.272    276.702    186.981    104.291  TILE  5  PFT  5 FRAC     0.28
  2027     1.926      1.234      0.900      0.325      0.285      3.541      5.060    218.537    469.767    -56.894    -66.607    275.432    251.230    179.050     96.382  TILE  5  PFT  5 FRAC     0.28
  2028     2.107      1.245      0.894      0.337      0.282      3.509      5.035    279.155    545.920     -4.853    -13.759    284.009    266.764    182.570    101.439  TILE  5  PFT  5 FRAC     0.28
  2029     2.053      1.239      0.892      0.335      0.281      3.435      4.954    255.197    516.583    -19.882    -29.017    275.079    261.387    174.676    100.403  TILE  5  PFT  5 FRAC     0.28
  2030     2.201      1.277      0.898      0.358      0.292      3.421      4.990    323.402    608.129     41.302     32.605    282.100    284.727    182.545     99.555  TILE  5  PFT  5 FRAC     0.28
  2031     2.071      1.251      0.893      0.341      0.297      3.435      4.984    256.271    533.972    -38.710    -48.128    294.981    277.702    191.827    103.154  TILE  5  PFT  5 FRAC     0.28
  2032     1.977      1.214      0.879      0.324      0.295      3.474      4.983    220.839    475.461    -68.207    -77.892    289.046    254.622    189.775     99.271  TILE  5  PFT  5 FRAC     0.28
  2033     1.997      1.210      0.871      0.327      0.281      3.441      4.932    252.411    512.743    -40.316    -49.277    292.727    260.333    188.446    104.281  TILE  5  PFT  5 FRAC     0.28
  2034     2.059      1.229      0.879      0.337      0.285      3.428      4.942    294.459    565.951      8.860      0.471    285.600    271.492    184.840    100.759  TILE  5  PFT  5 FRAC     0.28
  2035     2.100      1.265      0.894      0.351      0.297      3.468      5.030    317.346    601.179     20.091     11.783    297.255    283.833    193.964    103.291  TILE  5  PFT  5 FRAC     0.28
  2036     2.167      1.296      0.907      0.364      0.334      3.557      5.187    329.613    625.503     28.611     19.914    301.002    295.890    198.518    102.484  TILE  5  PFT  5 FRAC     0.28
  2037     2.221      1.328      0.928      0.378      0.351      3.757      5.436    339.990    637.927     17.814      8.673    322.176    297.937    219.972    102.204  TILE  5  PFT  5 FRAC     0.28
  2038     1.982      1.264      0.912      0.340      0.306      3.762      5.332    206.815    476.482   -115.227   -125.519    322.042    269.667    214.710    107.332  TILE  5  PFT  5 FRAC     0.28
  2039     2.183      1.309      0.927      0.364      0.307      3.759      5.375    343.665    642.698     30.371     21.946    313.295    299.033    203.413    109.882  TILE  5  PFT  5 FRAC     0.28
  2040     1.923      1.231      0.901      0.320      0.288      3.655      5.175    177.707    432.009   -119.884   -130.294    297.591    254.301    189.669    107.922  TILE  5  PFT  5 FRAC     0.28
  2041     2.111      1.236      0.888      0.334      0.273      3.572      5.080    263.387    532.062    -24.335    -33.413    287.722    268.676    180.969    106.753  TILE  5  PFT  5 FRAC     0.28
  2042     2.112      1.244      0.887      0.342      0.287      3.535      5.067    287.574    562.276      3.171     -5.712    284.403    274.702    179.876    104.527  TILE  5  PFT  5 FRAC     0.28
  2043     2.012      1.228      0.881      0.334      0.287      3.509      5.024    242.178    502.461    -35.016    -44.771    277.194    260.283    177.909     99.285  TILE  5  PFT  5 FRAC     0.28
  2044     2.082      1.249      0.884      0.345      0.296      3.521      5.066    293.843    565.011      8.949     -0.081    284.894    271.168    184.087    100.807  TILE  5  PFT  5 FRAC     0.28
  2045     1.955      1.194      0.865      0.318      0.297      3.472      4.963    204.286    458.930    -83.866    -93.813    288.152    254.644    184.235    103.917  TILE  5  PFT  5 FRAC     0.28
  2046     1.967      1.195      0.861      0.322      0.292      3.495      4.981    262.127    518.006    -18.816    -28.106    280.943    255.878    184.513     96.430  TILE  5  PFT  5 FRAC     0.28
  2047     2.040      1.217      0.864      0.339      0.298      3.482      4.997    298.753    573.397      5.518     -2.949    293.235    274.644    189.634    103.601  TILE  5  PFT  5 FRAC     0.28
  2048     2.083      1.244      0.877      0.347      0.304      3.541      5.089    307.264    587.496      5.702     -2.726    301.562    280.232    197.677    103.885  TILE  5  PFT  5 FRAC     0.28
  2049     2.063      1.241      0.882      0.342      0.314      3.606      5.161    278.780    554.661    -26.860    -36.034    305.640    275.882    201.351    104.289  TILE  5  PFT  5 FRAC     0.28
  2050     2.080      1.230      0.876      0.337      0.303      3.593      5.125    258.633    529.772    -45.081    -54.408    303.713    271.139    196.804    106.909  TILE  5  PFT  5 FRAC     0.28
  2051     2.137      1.274      0.892      0.358      0.316      3.643      5.233    327.871    611.948     26.830     18.195    301.041    284.077    196.682    104.358  TILE  5  PFT  5 FRAC     0.28
  2052     2.094      1.261      0.897      0.348      0.306      3.678      5.244    270.001    550.567    -46.545    -56.015    316.546    280.566    207.365    109.181  TILE  5  PFT  5 FRAC     0.28
  2053     2.232      1.306      0.918      0.367      0.316      3.683      5.305    341.136    634.881     37.104     28.400    304.032    293.745    198.732    105.300  TILE  5  PFT  5 FRAC     0.28
  2054     2.136      1.283      0.914      0.353      0.307      3.663      5.254    263.940    540.341    -41.284    -51.169    305.224    276.401    197.780    107.444  TILE  5  PFT  5 FRAC     0.28
  2055     2.083      1.272      0.911      0.346      0.290      3.645      5.207    259.462    532.788    -41.313    -50.873    300.775    273.326    195.094    105.681  TILE  5  PFT  5 FRAC     0.28
  2056     2.282      1.349      0.941      0.384      0.309      3.656      5.314    395.415    706.895     90.513     82.647    304.902    311.480    198.995    105.907  TILE  5  PFT  5 FRAC     0.29
  2057     2.236      1.375      0.959      0.393      0.317      3.728      5.421    336.269    637.541     19.849     10.902    316.421    301.272    209.975    106.445  TILE  5  PFT  5 FRAC     0.29
  2058     2.329      1.410      0.983      0.406      0.326      3.803      5.539    352.749    669.966     32.590     23.460    320.159    317.217    213.375    106.785  TILE  5  PFT  5 FRAC     0.29
  2059     2.030      1.354      0.972      0.368      0.321      3.826      5.501    230.798    509.424    -76.463    -87.135    307.261    278.625    201.991    105.270  TILE  5  PFT  5 FRAC     0.29
  2060     2.126      1.346      0.965      0.366      0.309      3.869      5.524    283.889    572.762    -20.419    -30.305    304.308    288.873    202.612    101.696  TILE  5  PFT  5 FRAC     0.29
  2061     2.085      1.334      0.963      0.358      0.312      3.868      5.514    280.733    561.517    -28.077    -37.796    308.810    280.784    201.086    107.724  TILE  5  PFT  5 FRAC     0.29
  2062     1.995      1.281      0.931      0.336      0.295      3.765      5.341    199.381    457.147    -99.646   -110.664    299.028    257.766    188.346    110.682  TILE  5  PFT  5 FRAC     0.28
  2063     2.164      1.299      0.923      0.355      0.294      3.745      5.338    300.912    579.123      5.377     -3.813    295.535    278.211    188.968    106.567  TILE  5  PFT  5 FRAC     0.28
  2064     2.051      1.280      0.916      0.347      0.292      3.628      5.200    257.500    528.849    -33.256    -42.995    290.755    271.349    184.335    106.420  TILE  5  PFT  5 FRAC     0.28
  2065     2.048      1.271      0.914      0.343      0.289      3.602      5.162    259.651    525.907    -28.631    -38.350    288.282    266.256    186.463    101.820  TILE  5  PFT  5 FRAC     0.28
  2066     2.142      1.276      0.916      0.349      0.287      3.569      5.131    283.901    560.508     -7.412    -16.208    291.312    276.607    186.818    104.494  TILE  5  PFT  5 FRAC     0.28
  2067     1.926      1.234      0.900      0.324      0.285      3.544      5.063    218.488    469.812    -57.101    -66.823    275.589    251.324    179.089     96.500  TILE  5  PFT  5 FRAC     0.28
  2068     2.106      1.245      0.894      0.338      0.282      3.511      5.038    278.733    545.336     -5.534    -14.448    284.267    266.602    182.709    101.558  TILE  5  PFT  5 FRAC     0.28
  2069     2.057      1.239      0.891      0.335      0.281      3.436      4.956    255.407    516.888    -19.768    -28.902    275.175    261.481    174.718    100.457  TILE  5  PFT  5 FRAC     0.28
  2070     2.201      1.277      0.897      0.358      0.292      3.422      4.991    323.130    607.804     40.906     32.209    282.223    284.675    182.634     99.590  TILE  5  PFT  5 FRAC     0.28
  2071     2.071      1.251      0.892      0.341      0.297      3.436      4.984    256.290    534.015    -38.721    -48.136    295.011    277.724    191.824    103.186  TILE  5  PFT  5 FRAC     0.28
  2072     1.977      1.214      0.879      0.323      0.295      3.474      4.983    220.849    475.426    -68.095    -77.774    288.944    254.578    189.673     99.270  TILE  5  PFT  5 FRAC     0.28
  2073     1.996      1.210      0.871      0.327      0.281      3.441      4.932    252.449    512.554    -40.219    -49.182    292.668    260.105    188.386    104.282  TILE  5  PFT  5 FRAC     0.28
  2074     2.059      1.229      0.879      0.337      0.285      3.426      4.940    294.324    565.688      8.800      0.408    285.524    271.364    184.770    100.754  TILE  5  PFT  5 FRAC     0.28
  2075     2.098      1.264      0.893      0.350      0.296      3.463      5.023    317.232    600.900     20.362     12.058    296.870    283.667    193.649    103.221  TILE  5  PFT  5 FRAC     0.28
  2076     2.166      1.296      0.907      0.363      0.333      3.550      5.179    329.979    625.828     29.733     21.049    300.245    295.850    198.015    102.230  TILE  5  PFT  5 FRAC     0.28
  2077     2.234      1.327      0.927      0.378      0.351      3.749      5.428    341.857    640.441     20.118     10.987    321.739    298.585    219.843    101.896  TILE  5  PFT  5 FRAC     0.28
  2078     1.976      1.263      0.912      0.339      0.305      3.757      5.326    205.976    475.309   -115.993   -126.281    321.969    269.333    214.783    107.186  TILE  5  PFT  5 FRAC     0.28
  2079     2.188      1.308      0.926      0.364      0.307      3.753      5.369    344.703    643.959     31.713     23.295    312.990    299.256    203.289    109.701  TILE  5  PFT  5 FRAC     0.28
  2080     1.922      1.231      0.901      0.320      0.288      3.652      5.171    177.557    431.825   -119.907   -130.319    297.464    254.268    189.711    107.753  TILE  5  PFT  5 FRAC     0.28
  2081     2.111      1.235      0.887      0.335      0.273      3.569      5.076    263.219    531.902    -24.403    -33.476    287.622    268.684    180.935    106.687  TILE  5  PFT  5 FRAC     0.28
  2082     2.113      1.244      0.887      0.341      0.288      3.533      5.065    288.491    563.398      4.294     -4.583    284.197    274.907    179.775    104.423  TILE  5  PFT  5 FRAC     0.28
  2083     2.011      1.228      0.882      0.334      0.287      3.509      5.024    241.717    501.842    -35.348    -45.117    277.065    260.125    177.904     99.161  TILE  5  PFT  5 FRAC     0.28
  2084     2.082      1.249      0.884      0.345      0.296      3.521      5.067    293.842    564.976      8.844     -0.192    284.998    271.135    184.182    100.816  TILE  5  PFT  5 FRAC     0.28
  2085     1.957      1.194      0.865      0.319      0.298      3.473      4.964    204.598    459.328    -83.690    -93.638    288.288    254.729    184.323    103.965  TILE  5  PFT  5 FRAC     0.28
  2086     1.966      1.194      0.861      0.321      0.292      3.497      4.983    261.896    517.732    -19.203    -28.493    281.099    255.836    184.643     96.455  TILE  5  PFT  5 FRAC     0.28
  2087     2.043      1.217      0.864      0.338      0.298      3.483      4.999    298.921    573.578      5.601     -2.869    293.320    274.657    189.678    103.641  TILE  5  PFT  5 FRAC     0.28
  2088     2.085      1.244      0.878      0.347      0.304      3.542      5.090    307.763    588.081      6.191     -2.238    301.572    280.318    197.677    103.895  TILE  5  PFT  5 FRAC     0.28
  2089     2.065      1.241      0.882      0.342      0.314      3.606      5.161    279.153    555.120    -26.485    -35.661    305.638    275.967    201.347    104.291  TILE  5  PFT  5 FRAC     0.28
  2090     2.080      1.230      0.876      0.337      0.303      3.592      5.125    258.401    529.675    -45.242    -54.581    303.643    271.274    196.720    106.924  TILE  5  PFT  5 FRAC     0.28
  2091     2.137      1.274      0.893      0.357      0.316      3.642      5.232    327.542    611.510     26.629     17.993    300.913    283.968    196.563    104.350  TILE  5  PFT  5 FRAC     0.28
  2092     2.093      1.261      0.898      0.348      0.305      3.676      5.242    269.805    550.208    -46.507    -55.975    316.312    280.403    207.151    109.161  TILE  5  PFT  5 FRAC     0.28
  2093     2.227      1.306      0.918      0.368      0.316      3.681      5.303    340.313    633.634     36.396     27.693    303.917    293.321    198.619    105.298  TILE  5  PFT  5 FRAC     0.28
  2094     2.137      1.283      0.915      0.352      0.307      3.662      5.253    263.587    539.938    -41.565    -51.442    305.152    276.352    197.707    107.445  TILE  5  PFT  5 FRAC     0.28
  2095     2.081      1.272      0.912      0.346      0.290      3.644      5.206    259.529    532.825    -40.874    -50.435    300.403    273.296    194.778    105.625  TILE  5  PFT  5 FRAC     0.28
  2096     2.289      1.350      0.942      0.384      0.310      3.656      5.317    396.334    708.276     91.441     83.571    304.894    311.941    199.048    105.846  TILE  5  PFT  5 FRAC     0.29
  2097     2.236      1.377      0.960      0.393      0.317      3.731      5.425    336.233    637.560     19.277     10.314    316.956    301.327    210.454    106.502  TILE  5  PFT  5 FRAC     0.29
  2098     2.332      1.411      0.984      0.406      0.325      3.803      5.539    353.015    670.396     32.707     23.570    320.308    317.380    213.458    106.850  TILE  5  PFT  5 FRAC     0.29
  2099     2.069      1.354      0.972      0.368      0.320      3.823      5.497    231.288    510.308    -76.006    -86.685    307.294    279.021    201.974    105.320  TILE  5  PFT  5 FRAC     0.29
  2100     2.125      1.347      0.965      0.366      0.310      3.866      5.522    284.236    573.314    -19.697    -29.575    303.933    289.078    202.366    101.567  TILE  5  PFT  5 FRAC     0.29
  2101     2.087      1.334      0.963      0.357      0.313      3.868      5.515    281.205    562.307    -27.692    -37.420    308.897    281.102    201.343    107.554  TILE  5  PFT  5 FRAC     0.29
  2102     1.995      1.281      0.932      0.335      0.295      3.766      5.342    199.411    457.328    -99.728   -110.747    299.139    257.917    188.476    110.663  TILE  5  PFT  5 FRAC     0.28
  2103     2.163      1.299      0.924      0.355      0.295      3.746      5.340    300.675    578.966      5.075     -4.114    295.600    278.291    188.990    106.610  TILE  5  PFT  5 FRAC     0.28
  2104     2.051      1.281      0.916      0.347      0.292      3.628      5.201    257.203    528.478    -33.618    -43.360    290.821    271.275    184.350    106.471  TILE  5  PFT  5 FRAC     0.28
  2105     2.049      1.270      0.914      0.342      0.291      3.606      5.167    260.136    526.978    -27.988    -37.718    288.124    266.842    186.481    101.643  TILE  5  PFT  5 FRAC     0.28
  2106     2.144      1.275      0.915      0.348      0.287      3.575      5.137    283.835    560.375     -8.457    -17.269    292.292    276.540    187.686    104.606  TILE  5  PFT  5 FRAC     0.28
  2107     1.924      1.233      0.900      0.324      0.285      3.550      5.068    218.112    469.230    -57.862    -67.582    275.974    251.118    179.282     96.691  TILE  5  PFT  5 FRAC     0.28
  2108     2.106      1.244      0.894      0.337      0.281      3.516      5.042    278.799    545.360     -5.501    -14.409    284.301    266.560    182.589    101.712  TILE  5  PFT  5 FRAC     0.28
  2109     2.056      1.238      0.891      0.336      0.281      3.439      4.959    255.395    516.723    -19.875    -29.009    275.270    261.328    174.692    100.578  TILE  5  PFT  5 FRAC     0.28
  2110     2.202      1.276      0.897      0.358      0.292      3.425      4.993    323.191    607.932     40.857     32.162    282.335    284.741    182.641     99.694  TILE  5  PFT  5 FRAC     0.28
  2111     2.071      1.250      0.892      0.341      0.297      3.438      4.986    256.045    533.730    -39.097    -48.506    295.142    277.685    191.867    103.275  TILE  5  PFT  5 FRAC     0.28
  2112     1.978      1.213      0.879      0.323      0.295      3.476      4.984    220.795    475.427    -68.245    -77.923    289.039    254.632    189.692     99.347  TILE  5  PFT  5 FRAC     0.28
  2113     1.998      1.209      0.871      0.327      0.281      3.442      4.932    252.470    512.642    -40.292    -49.255    292.762    260.172    188.438    104.324  TILE  5  PFT  5 FRAC     0.28
  2114     2.054      1.229      0.879      0.337      0.285      3.428      4.941    293.721    564.881      8.114     -0.275    285.606    271.160    184.796    100.811  TILE  5  PFT  5 FRAC     0.28
  2115     2.102      1.264      0.893      0.350      0.296      3.464      5.024    317.537    601.301     20.636     12.332    296.900    283.765    193.616    103.285  TILE  5  PFT  5 FRAC     0.28
  2116     2.166      1.296      0.907      0.364      0.333      3.552      5.181    330.368    626.322     30.083     21.401    300.285    295.954    198.068    102.217  TILE  5  PFT  5 FRAC     0.28
  2117     2.227      1.327      0.927      0.377      0.350      3.750      5.427    340.475    638.755     18.773      9.642    321.702    298.280    219.778    101.924  TILE  5  PFT  5 FRAC     0.28
  2118     1.979      1.263      0.912      0.339      0.305      3.756      5.325    206.430    475.772   -115.109   -125.388    321.539    269.342    214.387    107.152  TILE  5  PFT  5 FRAC     0.28
  2119     2.187      1.309      0.927      0.364      0.307      3.754      5.369    344.304    643.551     31.405     22.986    312.898    299.248    203.216    109.683  TILE  5  PFT  5 FRAC     0.28
  2120     1.923      1.231      0.901      0.320      0.289      3.654      5.173    177.729    432.055   -119.776   -130.187    297.505    254.326    189.772    107.733  TILE  5  PFT  5 FRAC     0.28
  2121     2.111      1.235      0.888      0.335      0.273      3.570      5.078    262.982    531.621    -24.670    -33.744    287.652    268.640    180.920    106.732  TILE  5  PFT  5 FRAC     0.28
  2122     2.113      1.245      0.888      0.341      0.288      3.535      5.068    288.826    563.800      4.465     -4.415    284.361    274.974    179.905    104.456  TILE  5  PFT  5 FRAC     0.28
  2123     2.014      1.228      0.882      0.333      0.287      3.511      5.027    242.300    502.573    -35.316    -45.091    277.616    260.272    178.352     99.264  TILE  5  PFT  5 FRAC     0.28
  2124     2.084      1.249      0.885      0.344      0.296      3.524      5.069    294.169    565.346      8.853     -0.184    285.316    271.177    184.413    100.903  TILE  5  PFT  5 FRAC     0.28
  2125     1.954      1.194      0.865      0.318      0.297      3.475      4.966    204.208    458.727    -84.178    -94.131    288.386    254.519    184.342    104.044  TILE  5  PFT  5 FRAC     0.28
  2126     1.966      1.195      0.861      0.321      0.291      3.497      4.983    261.783    517.569    -19.266    -28.554    281.048    255.786    184.527     96.521  TILE  5  PFT  5 FRAC     0.28
  2127     2.044      1.217      0.864      0.338      0.298      3.484      5.000    299.460    574.288      6.184     -2.285    293.276    274.828    189.650    103.626  TILE  5  PFT  5 FRAC     0.28
  2128     2.085      1.244      0.878      0.346      0.304      3.543      5.091    307.633    587.911      5.868     -2.571    301.765    280.278    197.851    103.915  TILE  5  PFT  5 FRAC     0.28
  2129     2.062      1.241      0.883      0.342      0.314      3.607      5.162    278.538    554.180    -26.979    -36.160    305.517    275.642    201.187    104.330  TILE  5  PFT  5 FRAC     0.28
  2130     2.080      1.230      0.877      0.337      0.303      3.594      5.127    258.646    529.807    -44.915    -54.253    303.561    271.161    196.627    106.933  TILE  5  PFT  5 FRAC     0.28
  2131     2.137      1.275      0.893      0.358      0.317      3.645      5.237    327.944    612.087     26.745     18.107    301.199    284.143    196.797    104.401  TILE  5  PFT  5 FRAC     0.28
  2132     2.092      1.262      0.898      0.348      0.306      3.681      5.248    269.629    550.091    -47.090    -56.569    316.720    280.461    207.458    109.262  TILE  5  PFT  5 FRAC     0.28
  2133     2.234      1.307      0.918      0.368      0.316      3.686      5.308    341.113    634.854     36.828     28.116    304.286    293.740    198.915    105.370  TILE  5  PFT  5 FRAC     0.28
  2134     2.136      1.284      0.915      0.352      0.307      3.666      5.257    263.489    539.810    -41.972    -51.863    305.461    276.321    197.913    107.548  TILE  5  PFT  5 FRAC     0.28
  2135     2.081      1.272      0.912      0.346      0.290      3.646      5.209    259.440    532.732    -41.224    -50.788    300.663    273.292    194.815    105.849  TILE  5  PFT  5 FRAC     0.28
  2136     2.289      1.350      0.942      0.383      0.310      3.657      5.317    396.702    708.646     91.730     83.860    304.971    311.945    199.113    105.858  TILE  5  PFT  5 FRAC     0.29
  2137     2.236      1.377      0.960      0.393      0.317      3.734      5.429    336.039    637.264     19.283     10.317    316.756    301.225    210.353    106.403  TILE  5  PFT  5 FRAC     0.29
  2138     2.333      1.413      0.985      0.406      0.326      3.813      5.552    353.109    670.550     32.526     23.386    320.583    317.441    213.632    106.951  TILE  5  PFT  5 FRAC     0.29
  2139     2.069      1.356      0.974      0.368      0.321      3.833      5.509    231.518    510.688    -76.599    -87.292    308.117    279.170    202.545    105.572  TILE  5  PFT  5 FRAC     0.29
  2140     2.124      1.348      0.966      0.366      0.309      3.873      5.531    283.853    572.895    -20.568    -30.456    304.422    289.042    202.610    101.811  TILE  5  PFT  5 FRAC     0.29
  2141     2.084      1.336      0.964      0.358      0.312      3.872      5.521    280.536    561.524    -28.476    -38.211    309.011    280.988    201.202    107.809  TILE  5  PFT  5 FRAC     0.29
  2142     1.994      1.282      0.933      0.336      0.295      3.769      5.346    199.556    457.493    -99.565   -110.594    299.121    257.937    188.369    110.752  TILE  5  PFT  5 FRAC     0.28
  2143     2.163      1.300      0.924      0.355      0.295      3.748      5.343    300.618    578.967      4.907     -4.291    295.711    278.349    189.074    106.637  TILE  5  PFT  5 FRAC     0.28
  2144     2.051      1.281      0.917      0.347      0.292      3.630      5.203    257.054    528.333    -33.847    -43.595    290.902    271.279    184.364    106.538  TILE  5  PFT  5 FRAC     0.28
  2145     2.076      1.271      0.913      0.343      0.290      3.601      5.162    260.505    527.488    -28.060    -37.774    288.565    266.983    186.562    102.003  TILE  5  PFT  5 FRAC     0.28
  2146     2.142      1.275      0.915      0.349      0.287      3.569      5.132    283.633    560.391     -7.814    -16.610    291.447    276.758    187.018    104.429  TILE  5  PFT  5 FRAC     0.28
  2147     1.926      1.235      0.900      0.326      0.283      3.543      5.061    217.853    468.553    -57.728    -67.435    275.581    250.700    179.032     96.549  TILE  5  PFT  5 FRAC     0.28
  2148     2.116      1.247      0.895      0.338      0.282      3.508      5.036    280.786    548.255     -2.170    -11.067    282.957    267.468    181.727    101.229  TILE  5  PFT  5 FRAC     0.28
  2149     2.051      1.241      0.893      0.336      0.281      3.434      4.956    254.481    516.178    -20.547    -29.684    275.029    261.697    174.648    100.380  TILE  5  PFT  5 FRAC     0.28
  2150     2.200      1.279      0.899      0.359      0.292      3.422      4.993    323.380    608.359     41.248     32.547    282.132    284.979    182.598     99.535  TILE  5  PFT  5 FRAC     0.28
  2151     2.069      1.252      0.893      0.342      0.297      3.438      4.987    255.685    533.623    -39.616    -49.043    295.300    277.938    192.108    103.192  TILE  5  PFT  5 FRAC     0.28
  2152     1.976      1.215      0.881      0.324      0.295      3.475      4.986    220.556    475.230    -68.499    -78.189    289.055    254.674    189.739     99.316  TILE  5  PFT  5 FRAC     0.28
  2153     1.998      1.211      0.872      0.327      0.281      3.442      4.934    252.490    512.839    -40.087    -49.056    292.577    260.349    188.309    104.269  TILE  5  PFT  5 FRAC     0.28
  2154     2.056      1.230      0.880      0.337      0.285      3.428      4.943    293.958    565.307      8.420      0.024    285.539    271.349    184.751    100.788  TILE  5  PFT  5 FRAC     0.28
  2155     2.096      1.265      0.895      0.350      0.296      3.465      5.027    316.587    600.143     19.585     11.269    297.002    283.555    193.700    103.302  TILE  5  PFT  5 FRAC     0.28
  2156     2.162      1.297      0.908      0.363      0.333      3.552      5.182    329.398    625.130     28.872     20.180    300.525    295.732    198.169    102.357  TILE  5  PFT  5 FRAC     0.28
  2157     2.220      1.328      0.928      0.377      0.350      3.750      5.428    339.780    637.708     18.082      8.944    321.698    297.928    219.645    102.053  TILE  5  PFT  5 FRAC     0.28
  2158     1.928      1.265      0.914      0.339      0.303      3.758      5.326    203.578    471.392   -117.872   -128.146    321.450    267.815    214.248    107.202  TILE  5  PFT  5 FRAC     0.28
  2159     2.194      1.311      0.928      0.364      0.307      3.750      5.368    345.581    645.029     33.989     25.567    311.592    299.448    202.024    109.568  TILE  5  PFT  5 FRAC     0.28
  2160     1.922      1.233      0.903      0.321      0.288      3.650      5.171    177.522    432.013   -119.742   -130.161    297.264    254.491    189.639    107.625  TILE  5  PFT  5 FRAC     0.28
  2161     2.110      1.237      0.889      0.335      0.273      3.567      5.077    263.166    531.976    -24.369    -33.452    287.535    268.810    180.944    106.591  TILE  5  PFT  5 FRAC     0.28
  2162     2.110      1.246      0.888      0.342      0.287      3.532      5.065    286.355    560.851      1.997     -6.890    284.358    274.495    179.880    104.478  TILE  5  PFT  5 FRAC     0.28
  2163     2.012      1.229      0.882      0.334      0.287      3.506      5.021    241.929    502.249    -34.919    -44.681    276.848    260.321    177.600     99.248  TILE  5  PFT  5 FRAC     0.28
  2164     2.081      1.250      0.885      0.345      0.296      3.519      5.065    293.510    564.652      8.709     -0.328    284.801    271.142    184.064    100.737  TILE  5  PFT  5 FRAC     0.28
  2165     1.955      1.194      0.865      0.319      0.298      3.471      4.963    204.374    459.046    -83.900    -93.852    288.274    254.673    184.374    103.900  TILE  5  PFT  5 FRAC     0.28
  2166     1.965      1.195      0.861      0.321      0.292      3.496      4.983    261.819    517.704    -19.214    -28.505    281.032    255.885    184.635     96.397  TILE  5  PFT  5 FRAC     0.28
  2167     2.045      1.217      0.864      0.338      0.299      3.484      5.000    299.608    574.523      6.245     -2.225    293.363    274.915    189.772    103.591  TILE  5  PFT  5 FRAC     0.28
  2168     2.085      1.244      0.878      0.346      0.304      3.543      5.091    307.586    587.890      5.657     -2.784    301.929    280.304    197.990    103.939  TILE  5  PFT  5 FRAC     0.28
  2169     2.064      1.241      0.882      0.342      0.314      3.607      5.162    278.632    554.424    -27.143    -36.322    305.775    275.793    201.410    104.365  TILE  5  PFT  5 FRAC     0.28
  2170     2.080      1.230      0.876      0.337      0.303      3.594      5.126    258.807    530.062    -44.850    -54.185    303.657    271.255    196.709    106.948  TILE  5  PFT  5 FRAC     0.28
  2171     2.137      1.274      0.893      0.358      0.316      3.646      5.237    327.627    611.598     26.546     17.909    301.080    283.971    196.673    104.408  TILE  5  PFT  5 FRAC     0.28
  2172     2.093      1.261      0.898      0.348      0.306      3.680      5.247    269.907    550.404    -46.773    -56.244    316.680    280.497    207.387    109.293  TILE  5  PFT  5 FRAC     0.28
  2173     2.229      1.307      0.918      0.368      0.316      3.685      5.308    341.124    634.714     36.807     28.102    304.317    293.590    198.929    105.387  TILE  5  PFT  5 FRAC     0.28
  2174     2.136      1.284      0.915      0.352      0.307      3.666      5.257    263.905    540.394    -41.480    -51.366    305.385    276.489    197.873    107.512  TILE  5  PFT  5 FRAC     0.28
  2175     2.081      1.272      0.912      0.346      0.290      3.647      5.209    259.409    532.723    -41.251    -50.816    300.660    273.315    194.898    105.762  TILE  5  PFT  5 FRAC     0.28
  2176     2.288      1.349      0.941      0.383      0.310      3.656      5.315    396.482    708.359     91.441     83.571    305.041    311.877    199.126    105.915  TILE  5  PFT  5 FRAC     0.29
  2177     2.238      1.376      0.960      0.393      0.318      3.733      5.427    336.761    638.174     20.102     11.145    316.659    301.413    210.288    106.370  TILE  5  PFT  5 FRAC     0.29
  2178     2.317      1.412      0.984      0.406      0.326      3.813      5.551    350.939    667.545     30.173     21.033    320.766    316.606    213.741    107.024  TILE  5  PFT  5 FRAC     0.29
  2179     2.029      1.356      0.974      0.368      0.321      3.834      5.510    230.348    508.949    -77.190    -87.873    307.539    278.601    202.004    105.534  TILE  5  PFT  5 FRAC     0.29
  2180     2.126      1.347      0.966      0.366      0.309      3.873      5.530    284.087    573.128    -20.324    -30.212    304.411    289.041    202.557    101.854  TILE  5  PFT  5 FRAC     0.29
  2181     2.086      1.335      0.964      0.357      0.313      3.873      5.521    281.114    562.196    -27.862    -37.594    308.975    281.082    201.250    107.725  TILE  5  PFT  5 FRAC     0.29
  2182     1.995      1.281      0.932      0.335      0.295      3.770      5.346    199.466    457.419    -99.744   -110.766    299.210    257.953    188.431    110.779  TILE  5  PFT  5 FRAC     0.28
  2183     2.163      1.299      0.924      0.355      0.294      3.748      5.341    300.540    578.816      4.810     -4.386    295.729    278.277    189.038    106.691  TILE  5  PFT  5 FRAC     0.28
  2184     2.050      1.280      0.916      0.347      0.292      3.630      5.202    257.093    528.275    -33.717    -43.463    290.810    271.182    184.316    106.494  TILE  5  PFT  5 FRAC     0.28
  2185     2.050      1.271      0.913      0.344      0.289      3.603      5.163    259.723    526.143    -28.574    -38.293    288.297    266.420    186.442    101.855  TILE  5  PFT  5 FRAC     0.28
  2186     2.141      1.275      0.915      0.349      0.287      3.569      5.131    283.848    560.482     -7.416    -16.207    291.264    276.634    186.771    104.493  TILE  5  PFT  5 FRAC     0.28
  2187     1.926      1.234      0.900      0.325      0.285      3.544      5.062    218.671    470.005    -56.815    -66.524    275.486    251.334    178.999     96.487  TILE  5  PFT  5 FRAC     0.28
  2188     2.104      1.245      0.894      0.337      0.281      3.510      5.037    278.959    545.685     -5.053    -13.954    284.013    266.725    182.466    101.547  TILE  5  PFT  5 FRAC     0.28
  2189     2.055      1.239      0.892      0.336      0.281      3.434      4.955    255.734    517.434    -19.230    -28.363    274.965    261.700    174.549    100.415  TILE  5  PFT  5 FRAC     0.28
  2190     2.200      1.277      0.898      0.358      0.292      3.420      4.990    323.175    607.951     41.077     32.380    282.098    284.776    182.554     99.543  TILE  5  PFT  5 FRAC     0.28
  2191     2.070      1.251      0.893      0.341      0.297      3.434      4.982    255.736    533.328    -39.239    -48.657    294.975    277.592    191.806    103.169  TILE  5  PFT  5 FRAC     0.28
  2192     1.976      1.214      0.880      0.323      0.295      3.473      4.982    220.742    475.287    -68.109    -77.790    288.851    254.545    189.613     99.238  TILE  5  PFT  5 FRAC     0.28
  2193     1.998      1.210      0.872      0.327      0.281      3.440      4.931    252.612    512.843    -39.948    -48.910    292.560    260.231    188.339    104.220  TILE  5  PFT  5 FRAC     0.28
  2194     2.057      1.229      0.880      0.337      0.285      3.426      4.940    294.138    565.421      8.567      0.175    285.571    271.284    184.835    100.736  TILE  5  PFT  5 FRAC     0.28
  2195     2.101      1.264      0.894      0.350      0.296      3.463      5.023    317.502    601.276     20.542     12.236    296.960    283.774    193.741    103.219  TILE  5  PFT  5 FRAC     0.28
  2196     2.168      1.296      0.907      0.363      0.334      3.551      5.181    330.347    626.400     30.007     21.321    300.340    296.054    198.091    102.249  TILE  5  PFT  5 FRAC     0.28
  2197     2.223      1.327      0.927      0.377      0.351      3.751      5.429    340.121    638.168     18.164      9.025    321.957    298.047    219.973    101.984  TILE  5  PFT  5 FRAC     0.28
  2198     1.926      1.264      0.913      0.339      0.303      3.761      5.328    203.453    471.130   -118.412   -128.685    321.865    267.677    214.578    107.287  TILE  5  PFT  5 FRAC     0.28
  2199     2.180      1.309      0.927      0.364      0.306      3.753      5.368    343.296    642.065     31.295     22.880    312.001    298.769    202.196    109.805  TILE  5  PFT  5 FRAC     0.28
  2200     1.922      1.231      0.901      0.320      0.288      3.650      5.170    177.650    431.926   -119.432   -129.836    297.082    254.276    189.348    107.734  TILE  5  PFT  5 FRAC     0.28
  2201     2.110      1.235      0.888      0.334      0.272      3.567      5.075    263.028    531.651    -24.421    -33.496    287.449    268.622    180.799    106.650  TILE  5  PFT  5 FRAC     0.28
  2202     2.112      1.245      0.887      0.342      0.288      3.533      5.065    288.422    563.288      4.282     -4.595    284.140    274.866    179.775    104.365  TILE  5  PFT  5 FRAC     0.28
  2203     2.009      1.228      0.881      0.334      0.287      3.509      5.024    241.641    501.834    -35.643    -45.409    277.283    260.194    178.083     99.200  TILE  5  PFT  5 FRAC     0.28
  2204     2.082      1.249      0.884      0.345      0.296      3.523      5.068    293.929    565.147      8.732     -0.301    285.196    271.218    184.348    100.848  TILE  5  PFT  5 FRAC     0.28
  2205     1.956      1.193      0.865      0.318      0.298      3.475      4.966    204.463    459.100    -83.922    -93.870    288.385    254.637    184.393    103.992  TILE  5  PFT  5 FRAC     0.28
  2206     1.966      1.194      0.861      0.321      0.292      3.497      4.983    262.212    517.963    -18.920    -28.203    281.132    255.751    184.578     96.554  TILE  5  PFT  5 FRAC     0.28
  2207     2.044      1.217      0.864      0.338      0.298      3.484      4.999    299.205    573.858      5.929     -2.537    293.276    274.653    189.625    103.651  TILE  5  PFT  5 FRAC     0.28
  2208     2.085      1.243      0.877      0.346      0.304      3.543      5.090    307.694    587.950      6.056     -2.378    301.638    280.256    197.731    103.908  TILE  5  PFT  5 FRAC     0.28
  2209     2.064      1.241      0.882      0.342      0.314      3.607      5.162    279.014    554.674    -26.648    -35.825    305.661    275.660    201.327    104.334  TILE  5  PFT  5 FRAC     0.28
  2210     2.080      1.230      0.876      0.337      0.303      3.594      5.127    258.918    530.074    -44.749    -54.084    303.667    271.156    196.732    106.935  TILE  5  PFT  5 FRAC     0.28
  2211     2.137      1.275      0.893      0.358      0.317      3.647      5.239    327.827    611.932     26.688     18.051    301.139    284.105    196.739    104.400  TILE  5  PFT  5 FRAC     0.28
  2212     2.093      1.261      0.898      0.348      0.306      3.683      5.250    269.838    550.400    -47.046    -56.523    316.884    280.562    207.609    109.275  TILE  5  PFT  5 FRAC     0.28
  2213     2.217      1.307      0.920      0.367      0.316      3.692      5.316    339.145    632.052     34.883     26.168    304.263    292.907    198.809    105.453  TILE  5  PFT  5 FRAC     0.28
  2214     2.136      1.284      0.915      0.353      0.307      3.670      5.262    263.762    540.007    -41.777    -51.666    305.540    276.244    197.810    107.730  TILE  5  PFT  5 FRAC     0.28
  2215     2.133      1.273      0.912      0.348      0.290      3.645      5.209    263.103    537.870    -37.416    -46.977    300.519    274.767    194.840    105.679  TILE  5  PFT  5 FRAC     0.28
  2216     2.286      1.351      0.941      0.385      0.310      3.659      5.319    395.998    708.029     90.849     82.981    305.149    312.031    199.336    105.813  TILE  5  PFT  5 FRAC     0.29
  2217     2.235      1.377      0.960      0.394      0.317      3.734      5.429    336.104    637.591     19.338     10.386    316.766    301.488    210.316    106.450  TILE  5  PFT  5 FRAC     0.29
  2218     2.328      1.411      0.983      0.406      0.325      3.806      5.542    352.378    669.761     31.988     22.854    320.389    317.384    213.441    106.949  TILE  5  PFT  5 FRAC     0.29
  2219     2.068      1.355      0.972      0.368      0.320      3.825      5.500    231.204    510.293    -76.113    -86.788    307.317    279.089    201.945    105.372  TILE  5  PFT  5 FRAC     0.29
  2220     2.125      1.346      0.964      0.366      0.309      3.867      5.522    283.802    572.828    -20.155    -30.034    303.956    289.026    202.335    101.622  TILE  5  PFT  5 FRAC     0.29
  2221     2.084      1.334      0.964      0.357      0.312      3.867      5.514    280.816    561.611    -27.923    -37.644    308.739    280.795    201.131    107.608  TILE  5  PFT  5 FRAC     0.29
  2222     1.996      1.281      0.932      0.335      0.295      3.765      5.341    199.561    457.275    -99.435   -110.458    298.996    257.714    188.345    110.651  TILE  5  PFT  5 FRAC     0.28
  2223     2.163      1.299      0.924      0.354      0.294      3.743      5.337    300.590    578.706      5.035     -4.155    295.555    278.116    188.958    106.597  TILE  5  PFT  5 FRAC     0.28
  2224     2.052      1.280      0.916      0.347      0.291      3.626      5.198    257.319    528.458    -33.332    -43.070    290.652    271.139    184.229    106.422  TILE  5  PFT  5 FRAC     0.28
  2225     2.078      1.270      0.913      0.343      0.290      3.598      5.158    260.811    527.759    -27.648    -37.357    288.459    266.948    186.562    101.897  TILE  5  PFT  5 FRAC     0.28
  2226     2.143      1.274      0.915      0.348      0.287      3.567      5.128    283.684    560.339     -7.789    -16.585    291.472    276.656    187.114    104.358  TILE  5  PFT  5 FRAC     0.28
  2227     1.926      1.234      0.900      0.325      0.283      3.541      5.058    217.669    468.192    -57.982    -67.686    275.651    250.522    179.095     96.556  TILE  5  PFT  5 FRAC     0.28
  2228     2.111      1.246      0.894      0.338      0.281      3.504      5.031    279.960    547.310     -2.826    -11.715    282.786    267.350    181.416    101.370  TILE  5  PFT  5 FRAC     0.28
  2229     2.051      1.240      0.892      0.336      0.281      3.430      4.950    254.697    516.369    -20.045    -29.182    274.742    261.672    174.456    100.286  TILE  5  PFT  5 FRAC     0.28
  2230     2.200      1.278      0.898      0.359      0.292      3.418      4.988    323.504    608.461     41.623     32.926    281.881    284.957    182.481     99.401  TILE  5  PFT  5 FRAC     0.28
  2231     2.068      1.252      0.893      0.342      0.297      3.434      4.983    255.444    533.076    -39.690    -49.115    295.134    277.632    192.015    103.119  TILE  5  PFT  5 FRAC     0.28
  2232     1.973      1.215      0.880      0.323      0.295      3.473      4.983    220.341    474.839    -68.544    -78.227    288.885    254.498    189.630     99.256  TILE  5  PFT  5 FRAC     0.28
  2233     2.050      1.209      0.871      0.326      0.284      3.437      4.930    255.979    518.308    -36.299    -45.278    292.278    262.329    188.308    103.970  TILE  5  PFT  5 FRAC     0.28
  2234     2.057      1.228      0.879      0.336      0.286      3.429      4.943    293.806    564.936      7.309     -1.097    286.497    271.130    185.785    100.712  TILE  5  PFT  5 FRAC     0.28
  2235     2.101      1.264      0.893      0.350      0.297      3.467      5.027    317.303    600.912     19.863     11.552    297.440    283.609    194.079    103.361  TILE  5  PFT  5 FRAC     0.28
  2236     2.166      1.296      0.907      0.363      0.334      3.554      5.184    330.487    626.397     29.908     21.222    300.579    295.910    198.254    102.324  TILE  5  PFT  5 FRAC     0.28
  2237     2.222      1.327      0.927      0.377      0.350      3.755      5.432    340.057    637.995     17.953      8.817    322.104    297.938    220.051    102.052  TILE  5  PFT  5 FRAC     0.28
  2238     1.973      1.263      0.911      0.340      0.305      3.760      5.328    205.658    474.716   -116.059   -126.342    321.717    269.058    214.431    107.286  TILE  5  PFT  5 FRAC     0.28
  2239     2.184      1.308      0.927      0.363      0.306      3.754      5.369    343.805    642.896     30.985     22.572    312.820    299.091    203.014    109.806  TILE  5  PFT  5 FRAC     0.28
  2240     1.925      1.231      0.901      0.320      0.288      3.651      5.170    177.972    432.279   -119.197   -129.598    297.170    254.307    189.419    107.751  TILE  5  PFT  5 FRAC     0.28
  2241     2.111      1.236      0.888      0.334      0.273      3.569      5.077    263.373    532.057    -24.164    -33.237    287.537    268.684    180.870    106.667  TILE  5  PFT  5 FRAC     0.28
  2242     2.113      1.245      0.887      0.342      0.288      3.533      5.066    287.972    562.850      3.687     -5.193    284.285    274.878    179.847    104.438  TILE  5  PFT  5 FRAC     0.28
  2243     2.013      1.228      0.881      0.334      0.287      3.509      5.024    242.141    502.484    -35.159    -44.922    277.300    260.343    178.053     99.247  TILE  5  PFT  5 FRAC     0.28
  2244     2.084      1.249      0.884      0.345      0.297      3.522      5.068    294.337    565.622      9.211      0.179    285.126    271.285    184.330    100.795  TILE  5  PFT  5 FRAC     0.28
  2245     1.955      1.194      0.865      0.318      0.298      3.474      4.966    204.425    459.115    -83.932    -93.883    288.357    254.690    184.411    103.946  TILE  5  PFT  5 FRAC     0.28
  2246     1.967      1.195      0.861      0.322      0.292      3.498      4.985    262.150    518.014    -18.928    -28.222    281.079    255.864    184.623     96.456  TILE  5  PFT  5 FRAC     0.28
  2247     2.042      1.218      0.864      0.339      0.298      3.485      5.001    299.030    573.813      5.647     -2.824    293.383    274.783    189.719    103.664  TILE  5  PFT  5 FRAC     0.28
  2248     2.083      1.244      0.878      0.347      0.304      3.544      5.092    307.124    587.379      5.393     -3.044    301.731    280.255    197.749    103.982  TILE  5  PFT  5 FRAC     0.28
  2249     2.064      1.241      0.883      0.342      0.314      3.606      5.162    278.744    554.658    -26.800    -35.978    305.545    275.914    201.200    104.345  TILE  5  PFT  5 FRAC     0.28
  2250     2.079      1.231      0.877      0.338      0.303      3.593      5.126    258.422    529.591    -45.110    -54.447    303.532    271.169    196.596    106.936  TILE  5  PFT  5 FRAC     0.28
  2251     2.136      1.275      0.894      0.358      0.316      3.646      5.238    327.251    611.226     26.195     17.555    301.056    283.975    196.623    104.433  TILE  5  PFT  5 FRAC     0.28
  2252     2.092      1.262      0.899      0.348      0.306      3.680      5.248    269.735    550.314    -46.954    -56.430    316.689    280.579    207.404    109.286  TILE  5  PFT  5 FRAC     0.28
  2253     2.231      1.308      0.919      0.368      0.316      3.686      5.310    341.226    635.134     36.946     28.235    304.279    293.908    198.909    105.370  TILE  5  PFT  5 FRAC     0.28
  2254     2.135      1.284      0.915      0.353      0.308      3.667      5.259    263.734    540.260    -41.810    -51.702    305.544    276.526    198.004    107.540  TILE  5  PFT  5 FRAC     0.28
  2255     2.083      1.273      0.913      0.346      0.290      3.648      5.211    259.555    532.921    -41.452    -51.024    301.007    273.366    195.159    105.848  TILE  5  PFT  5 FRAC     0.28
  2256     2.288      1.352      0.943      0.384      0.310      3.661      5.323    396.924    709.014     91.985     84.120    304.939    312.089    199.087    105.852  TILE  5  PFT  5 FRAC     0.29
  2257     2.239      1.378      0.961      0.393      0.318      3.737      5.432    336.651    638.284     19.517     10.552    317.134    301.633    210.662    106.472  TILE  5  PFT  5 FRAC     0.29
  2258     2.332      1.413      0.985      0.406      0.326      3.810      5.549    353.178    670.722     32.406     23.263    320.772    317.544    213.749    107.024  TILE  5  PFT  5 FRAC     0.29
  2259     2.069      1.355      0.973      0.368      0.320      3.830      5.505    230.989    510.005    -76.832    -87.525    307.821    279.015    202.304    105.517  TILE  5  PFT  5 FRAC     0.29
  2260     2.120      1.348      0.966      0.366      0.309      3.870      5.527    283.241    571.941    -20.636    -30.513    303.877    288.700    202.152    101.725  TILE  5  PFT  5 FRAC     0.29
  2261     2.085      1.336      0.965      0.357      0.312      3.866      5.515    280.529    561.474    -28.248    -37.976    308.777    280.945    200.886    107.892  TILE  5  PFT  5 FRAC     0.29
  2262     1.995      1.282      0.933      0.335      0.295      3.764      5.341    199.551    457.331    -99.244   -110.270    298.794    257.780    188.185    110.609  TILE  5  PFT  5 FRAC     0.28
  2263     2.162      1.301      0.925      0.355      0.294      3.743      5.339    300.573    578.716      5.217     -3.983    295.356    278.143    188.811    106.545  TILE  5  PFT  5 FRAC     0.28
  2264     2.049      1.283      0.918      0.347      0.292      3.626      5.201    257.264    528.626    -33.303    -43.053    290.568    271.362    184.193    106.375  TILE  5  PFT  5 FRAC     0.28
  2265     2.048      1.272      0.915      0.343      0.291      3.604      5.167    259.991    526.932    -28.149    -37.890    288.140    266.941    186.521    101.619  TILE  5  PFT  5 FRAC     0.28
  2266     2.142      1.276      0.916      0.348      0.287      3.574      5.137    283.409    559.970     -8.943    -17.761    292.352    276.561    187.766    104.586  TILE  5  PFT  5 FRAC     0.28
  2267     1.923      1.235      0.901      0.324      0.285      3.549      5.068    217.916    468.936    -57.955    -67.680    275.871    251.020    179.200     96.671  TILE  5  PFT  5 FRAC     0.28
  2268     2.103      1.245      0.895      0.337      0.281      3.514      5.041    278.374    544.769     -5.856    -14.774    284.230    266.395    182.540    101.690  TILE  5  PFT  5 FRAC     0.28
  2269     2.055      1.239      0.892      0.335      0.281      3.437      4.958    255.313    516.858    -19.859    -28.996    275.172    261.544    174.612    100.559  TILE  5  PFT  5 FRAC     0.28
  2270     2.200      1.277      0.898      0.358      0.292      3.423      4.992    323.132    607.805     40.933     32.232    282.199    284.673    182.567     99.632  TILE  5  PFT  5 FRAC     0.28
  2271     2.071      1.251      0.893      0.341      0.297      3.436      4.984    256.113    533.787    -38.945    -48.363    295.058    277.673    191.828    103.230  TILE  5  PFT  5 FRAC     0.28
  2272     1.977      1.214      0.879      0.324      0.295      3.475      4.984    220.889    475.543    -68.102    -77.786    288.991    254.654    189.698     99.293  TILE  5  PFT  5 FRAC     0.28
  2273     1.997      1.210      0.871      0.327      0.281      3.442      4.933    252.459    512.800    -40.331    -49.297    292.790    260.340    188.524    104.266  TILE  5  PFT  5 FRAC     0.28
  2274     2.053      1.229      0.879      0.337      0.285      3.428      4.942    293.528    564.684      7.774     -0.615    285.754    271.155    184.946    100.809  TILE  5  PFT  5 FRAC     0.28
  2275     2.098      1.264      0.893      0.350      0.296      3.464      5.024    316.943    600.570     20.025     11.719    296.918    283.628    193.599    103.319  TILE  5  PFT  5 FRAC     0.28
  2276     2.166      1.296      0.907      0.364      0.333      3.553      5.182    330.024    625.946     29.675     20.994    300.349    295.922    198.060    102.289  TILE  5  PFT  5 FRAC     0.28
  2277     2.222      1.327      0.927      0.377      0.350      3.749      5.426    340.054    638.129     18.288      9.153    321.766    298.075    219.724    102.042  TILE  5  PFT  5 FRAC     0.28
  2278     1.935      1.264      0.913      0.340      0.303      3.758      5.325    204.220    472.290   -117.217   -127.481    321.437    268.070    214.251    107.186  TILE  5  PFT  5 FRAC     0.28
  2279     2.188      1.309      0.927      0.364      0.306      3.749      5.365    344.624    643.885     32.796     24.387    311.828    299.261    202.229    109.599  TILE  5  PFT  5 FRAC     0.28
  2280     1.921      1.231      0.901      0.320      0.288      3.648      5.168    177.519    431.851   -119.418   -129.823    296.936    254.332    189.391    107.546  TILE  5  PFT  5 FRAC     0.28
  2281     2.110      1.236      0.888      0.335      0.272      3.565      5.074    262.637    531.286    -24.576    -33.649    287.213    268.649    180.627    106.586  TILE  5  PFT  5 FRAC     0.28
  2282     2.110      1.245      0.888      0.341      0.288      3.531      5.063    288.156    562.977      4.076     -4.805    284.080    274.821    179.750    104.330  TILE  5  PFT  5 FRAC     0.28
  2283     2.010      1.229      0.882      0.334      0.287      3.507      5.022    241.587    501.725    -35.453    -45.225    277.040    260.138    177.893     99.146  TILE  5  PFT  5 FRAC     0.28
  2284     2.082      1.250      0.885      0.345      0.297      3.520      5.066    293.953    565.110      8.986     -0.052    284.967    271.157    184.204    100.763  TILE  5  PFT  5 FRAC     0.28
  2285     1.954      1.194      0.865      0.319      0.298      3.473      4.965    204.392    459.038    -83.983    -93.941    288.375    254.646    184.453    103.923  TILE  5  PFT  5 FRAC     0.28
  2286     1.967      1.195      0.861      0.321      0.292      3.497      4.983    262.138    517.895    -18.939    -28.230    281.078    255.757    184.648     96.429  TILE  5  PFT  5 FRAC     0.28
  2287     2.043      1.217      0.864      0.338      0.298      3.483      4.999    299.176    573.866      5.760     -2.711    293.416    274.690    189.747    103.669  TILE  5  PFT  5 FRAC     0.28
  2288     2.083      1.243      0.877      0.346      0.304      3.541      5.089    307.449    587.718      5.725     -2.706    301.724    280.269    197.758    103.966  TILE  5  PFT  5 FRAC     0.28
  2289     2.064      1.240      0.882      0.342      0.314      3.604      5.158    278.606    554.213    -26.957    -36.134    305.563    275.608    201.240    104.323  TILE  5  PFT  5 FRAC     0.28
  2290     2.081      1.229      0.876      0.337      0.302      3.590      5.122    258.300    529.275    -45.227    -54.557    303.527    270.974    196.596    106.932  TILE  5  PFT  5 FRAC     0.28
  2291     2.139      1.274      0.892      0.358      0.316      3.641      5.231    328.436    612.549     27.591     18.963    300.845    284.113    196.545    104.300  TILE  5  PFT  5 FRAC     0.28
  2292     2.094      1.261      0.897      0.348      0.306      3.677      5.244    270.062    550.610    -46.496    -55.964    316.558    280.548    207.427    109.132  TILE  5  PFT  5 FRAC     0.28
  2293     2.232      1.306      0.917      0.368      0.316      3.684      5.306    340.814    634.530     36.637     27.928    304.177    293.716    198.904    105.273  TILE  5  PFT  5 FRAC     0.28
  2294     2.137      1.283      0.914      0.352      0.307      3.665      5.255    264.006    540.472    -41.500    -51.384    305.506    276.466    198.009    107.496  TILE  5  PFT  5 FRAC     0.28
  2295     2.084      1.271      0.911      0.346      0.290      3.646      5.207    259.332    532.554    -41.454    -51.018    300.786    273.221    195.041    105.746  TILE  5  PFT  5 FRAC     0.28
  2296     2.283      1.348      0.940      0.383      0.309      3.655      5.312    395.470    706.837     90.448     82.582    305.022    311.367    199.068    105.954  TILE  5  PFT  5 FRAC     0.29
  2297     2.239      1.375      0.958      0.393      0.317      3.728      5.420    336.751    637.999     20.343     11.397    316.407    301.248    209.997    106.411  TILE  5  PFT  5 FRAC     0.29
  2298     2.315      1.409      0.983      0.405      0.324      3.803      5.537    350.491    666.757     30.415     21.288    320.076    316.266    213.268    106.808  TILE  5  PFT  5 FRAC     0.29
  2299     2.072      1.353      0.971      0.367      0.320      3.821      5.494    231.949    510.809    -74.843    -85.503    306.792    278.860    201.536    105.256  TILE  5  PFT  5 FRAC     0.29
  2300     2.125      1.345      0.964      0.365      0.310      3.864      5.519    284.573    573.565    -19.244    -29.110    303.817    288.992    202.298    101.519  TILE  5  PFT  5 FRAC     0.29
