  1902     0.597      0.194      0.065      0.111      0.054      0.150      0.397    191.188    414.734    148.973    148.973     42.214    223.546     37.188      5.026  TILE  3  PFT  3 FRAC     0.00
  1903     0.663      0.189      0.070      0.100      0.054      0.175      0.418    186.510    419.381    139.548    139.548     46.962    232.871     40.520      6.442  TILE  3  PFT  3 FRAC     0.00
  1904     0.703      0.211      0.083      0.112      0.105      0.286      0.603    201.348    466.281    140.390    140.390     60.957    264.933     52.466      8.491  TILE  3  PFT  3 FRAC     0.00
  1905     0.740      0.209      0.092      0.104      0.263      0.696      1.168    161.141    413.927     59.204     59.052    101.938    252.786     87.640     14.298  TILE  3  PFT  3 FRAC     0.01
  1906     0.803      0.240      0.105      0.117      0.362      1.360      1.962    212.386    490.080     12.822     12.322    199.564    277.694    165.892     33.671  TILE  3  PFT  3 FRAC     0.01
  1907     0.752      0.250      0.120      0.113      0.269      1.960      2.479    131.845    375.127    -99.569   -100.494    231.414    243.283    181.117     50.297  TILE  3  PFT  3 FRAC     0.01
  1908     0.860      0.246      0.129      0.104      0.240      2.180      2.666    152.251    410.800    -61.879    -62.575    214.131    258.549    148.111     66.019  TILE  3  PFT  3 FRAC     0.01
  1909     0.868      0.270      0.144      0.107      0.175      2.167      2.612    167.734    434.005    -36.495    -37.070    204.229    266.270    130.145     74.085  TILE  3  PFT  3 FRAC     0.02
  1910     0.997      0.276      0.152      0.110      0.147      1.918      2.341    190.748    451.270     13.899     13.423    176.850    260.522    106.117     70.733  TILE  3  PFT  3 FRAC     0.02
  1911     0.968      0.299      0.171      0.115      0.132      1.933      2.364    163.006    421.944     -5.279     -5.719    168.285    258.938     99.216     69.069  TILE  3  PFT  3 FRAC     0.03
  1912     0.958      0.312      0.188      0.108      0.152      2.128      2.592    139.308    401.271    -15.644    -16.203    154.952    261.963     92.983     61.969  TILE  3  PFT  3 FRAC     0.03
  1913     1.062      0.333      0.203      0.112      0.147      2.154      2.635    175.370    461.096     -5.912     -6.576    181.282    285.726    104.393     76.889  TILE  3  PFT  3 FRAC     0.03
  1914     1.077      0.362      0.225      0.121      0.147      2.237      2.746    176.119    478.364      2.746      1.967    173.373    302.245    101.379     71.995  TILE  3  PFT  3 FRAC     0.04
  1915     1.170      0.389      0.245      0.129      0.153      2.319      2.862    195.264    517.737     17.291     16.368    177.974    322.472    105.117     72.857  TILE  3  PFT  3 FRAC     0.04
  1916     1.239      0.421      0.267      0.136      0.182      2.364      2.967    200.624    510.677     22.381     21.272    178.243    310.052    104.503     73.739  TILE  3  PFT  3 FRAC     0.05
  1917     1.307      0.457      0.293      0.146      0.250      2.599      3.305    211.903    542.123     17.125     15.505    194.778    330.220    120.690     74.088  TILE  3  PFT  3 FRAC     0.06
  1918     1.030      0.462      0.310      0.130      0.172      2.656      3.290    110.137    377.513   -107.271   -109.363    217.408    267.376    134.148     83.260  TILE  3  PFT  3 FRAC     0.06
  1919     1.328      0.491      0.336      0.140      0.203      2.782      3.476    196.901    541.035      4.197      2.287    192.704    344.134    111.805     80.899  TILE  3  PFT  3 FRAC     0.06
  1920     1.125      0.487      0.352      0.124      0.158      2.690      3.334    112.502    398.565    -86.015    -88.552    198.517    286.063    113.625     84.892  TILE  3  PFT  3 FRAC     0.07
  1921     1.295      0.511      0.374      0.124      0.156      2.722      3.389    154.949    446.202    -26.627    -28.889    181.575    291.253     98.457     83.119  TILE  3  PFT  3 FRAC     0.07
  1922     1.343      0.540      0.397      0.130      0.157      2.732      3.430    176.053    490.895     -5.573     -8.047    181.625    314.842     97.161     84.465  TILE  3  PFT  3 FRAC     0.07
  1923     1.298      0.563      0.419      0.131      0.154      2.693      3.410    156.252    462.481    -18.805    -21.843    175.057    306.229     95.102     79.955  TILE  3  PFT  3 FRAC     0.08
  1924     1.401      0.611      0.446      0.147      0.158      2.663      3.433    206.121    536.198     29.682     26.508    176.439    330.078     96.392     80.046  TILE  3  PFT  3 FRAC     0.08
  1925     1.238      0.604      0.459      0.133      0.154      2.605      3.364    111.104    402.278    -63.345    -66.789    174.449    291.173     93.206     81.243  TILE  3  PFT  3 FRAC     0.08
  1926     1.298      0.628      0.480      0.135      0.163      2.625      3.415    158.447    490.605    -14.185    -18.075    172.632    332.158     97.700     74.932  TILE  3  PFT  3 FRAC     0.08
  1927     1.400      0.673      0.507      0.152      0.172      2.651      3.497    195.186    546.792      9.602      5.719    185.584    351.606    105.324     80.260  TILE  3  PFT  3 FRAC     0.09
  1928     1.513      0.708      0.532      0.156      0.187      2.688      3.583    199.540    576.894      3.292     -1.215    196.248    377.353    114.055     82.193  TILE  3  PFT  3 FRAC     0.09
  1929     1.429      0.732      0.555      0.153      0.195      2.770      3.697    170.602    536.809    -32.752    -38.083    203.355    366.207    119.736     83.619  TILE  3  PFT  3 FRAC     0.09
  1930     1.474      0.735      0.574      0.146      0.195      2.775      3.705    144.857    488.557    -56.619    -62.290    201.476    343.700    116.730     84.747  TILE  3  PFT  3 FRAC     0.09
  1931     1.609      0.790      0.603      0.163      0.234      2.882      3.906    229.006    620.031     21.728     15.681    207.278    391.024    123.562     83.716  TILE  3  PFT  3 FRAC     0.10
  1932     1.502      0.797      0.627      0.156      0.219      3.007      4.024    152.552    530.577    -79.292    -86.563    231.844    378.025    140.386     91.457  TILE  3  PFT  3 FRAC     0.10
  1933     1.718      0.847      0.656      0.169      0.220      2.999      4.066    235.042    628.793     14.513      7.343    220.529    393.752    130.966     89.563  TILE  3  PFT  3 FRAC     0.10
  1934     1.549      0.847      0.674      0.156      0.195      2.985      4.027    141.115    491.626    -74.671    -82.655    215.787    350.510    124.972     90.815  TILE  3  PFT  3 FRAC     0.10
  1935     1.564      0.859      0.692      0.153      0.175      2.901      3.935    155.564    517.326    -50.519    -58.586    206.083    361.762    116.798     89.285  TILE  3  PFT  3 FRAC     0.10
  1936     1.800      0.929      0.722      0.181      0.181      2.800      3.910    267.349    698.112     62.596     55.137    204.753    430.763    117.065     87.689  TILE  3  PFT  3 FRAC     0.10
  1937     1.718      0.974      0.759      0.189      0.191      2.801      3.965    215.058    645.288      8.089     -0.760    206.969    430.230    120.709     86.260  TILE  3  PFT  3 FRAC     0.10
  1938     1.810      1.004      0.790      0.188      0.200      2.828      4.032    212.659    649.378     -0.653     -9.891    213.311    436.719    127.308     86.003  TILE  3  PFT  3 FRAC     0.11
  1939     1.476      0.987      0.801      0.171      0.194      2.797      3.978    127.129    512.277    -75.176    -86.476    202.304    385.148    118.678     83.626  TILE  3  PFT  3 FRAC     0.10
  1940     1.518      1.009      0.813      0.179      0.183      2.826      4.018    163.953    541.332    -32.674    -43.207    196.627    377.379    117.950     78.678  TILE  3  PFT  3 FRAC     0.10
  1941     1.549      1.010      0.826      0.170      0.185      2.800      3.995    149.935    563.232    -48.847    -59.934    198.782    413.297    115.848     82.934  TILE  3  PFT  3 FRAC     0.10
  1942     1.459      0.991      0.810      0.161      0.172      2.717      3.880    100.842    440.695    -89.098   -100.749    189.941    339.853    106.470     83.471  TILE  3  PFT  3 FRAC     0.10
  1943     1.716      1.016      0.813      0.178      0.183      2.687      3.886    189.831    575.149      1.469     -8.903    188.362    385.318    108.690     79.672  TILE  3  PFT  3 FRAC     0.10
  1944     1.541      1.021      0.825      0.178      0.179      2.595      3.795    148.456    529.750    -42.071    -53.264    190.527    381.294    109.423     81.103  TILE  3  PFT  3 FRAC     0.10
  1945     1.575      1.013      0.829      0.169      0.175      2.558      3.747    138.818    527.546    -44.487    -56.014    183.305    388.728    108.154     75.151  TILE  3  PFT  3 FRAC     0.09
  1946     1.628      1.026      0.839      0.172      0.180      2.569      3.775    161.399    562.915    -27.710    -38.229    189.109    401.516    110.792     78.317  TILE  3  PFT  3 FRAC     0.09
  1947     1.384      0.989      0.824      0.154      0.167      2.505      3.661     91.736    447.437    -87.001    -98.553    178.737    355.701    104.725     74.012  TILE  3  PFT  3 FRAC     0.09
  1948     1.632      1.010      0.827      0.168      0.177      2.501      3.689    174.526    558.754     -5.514    -16.377    180.040    384.228    106.242     73.798  TILE  3  PFT  3 FRAC     0.09
  1949     1.567      1.003      0.822      0.165      0.173      2.444      3.620    140.021    515.293    -41.005    -52.070    181.026    375.272    105.877     75.149  TILE  3  PFT  3 FRAC     0.09
  1950     1.751      1.032      0.823      0.184      0.178      2.433      3.644    200.041    588.321     17.968      7.825    182.072    388.280    108.943     73.129  TILE  3  PFT  3 FRAC     0.09
  1951     1.580      1.018      0.824      0.175      0.178      2.435      3.631    137.586    529.005    -50.087    -61.126    187.673    391.419    112.191     75.481  TILE  3  PFT  3 FRAC     0.09
  1952     1.465      0.987      0.816      0.159      0.183      2.476      3.647    103.431    466.976    -80.537    -92.016    183.969    363.545    111.352     72.617  TILE  3  PFT  3 FRAC     0.09
  1953     1.573      0.991      0.811      0.164      0.180      2.465      3.636    150.572    528.336    -41.008    -51.804    191.579    377.764    114.742     76.838  TILE  3  PFT  3 FRAC     0.09
  1954     1.635      1.006      0.821      0.170      0.180      2.461      3.646    174.040    581.382    -14.334    -24.846    188.375    407.341    113.306     75.069  TILE  3  PFT  3 FRAC     0.08
  1955     1.699      1.034      0.828      0.182      0.191      2.477      3.702    203.125    623.413      7.355     -3.119    195.770    420.288    119.101     76.669  TILE  3  PFT  3 FRAC     0.09
  1956     1.754      1.053      0.835      0.191      0.220      2.534      3.807    202.184    616.676      1.208     -9.221    200.975    414.493    123.920     77.055  TILE  3  PFT  3 FRAC     0.09
  1957     1.778      1.070      0.849      0.193      0.243      2.678      3.991    204.336    635.673    -11.274    -22.361    215.610    431.337    137.768     77.842  TILE  3  PFT  3 FRAC     0.09
  1958     1.409      1.022      0.838      0.167      0.195      2.654      3.871     86.885    455.706   -131.712   -143.637    218.598    368.821    135.352     83.245  TILE  3  PFT  3 FRAC     0.09
  1959     1.732      1.052      0.847      0.184      0.199      2.701      3.952    202.114    631.409     -5.489    -15.870    207.602    429.295    127.176     80.426  TILE  3  PFT  3 FRAC     0.09
  1960     1.399      0.993      0.827      0.154      0.174      2.582      3.749     73.099    430.962   -121.141   -133.418    194.240    357.863    114.254     79.986  TILE  3  PFT  3 FRAC     0.08
  1961     1.612      1.000      0.820      0.165      0.166      2.546      3.711    145.429    506.995    -40.514    -51.031    185.943    361.565    107.770     78.173  TILE  3  PFT  3 FRAC     0.08
  1962     1.616      1.008      0.819      0.171      0.174      2.528      3.710    159.063    543.862    -24.134    -34.713    183.197    384.799    106.212     76.985  TILE  3  PFT  3 FRAC     0.08
  1963     1.570      0.997      0.816      0.166      0.176      2.491      3.664    136.398    508.616    -44.190    -55.784    180.589    372.217    106.531     74.058  TILE  3  PFT  3 FRAC     0.08
  1964     1.644      1.021      0.818      0.179      0.187      2.487      3.696    191.980    579.237      6.944     -4.132    185.036    387.257    111.072     73.964  TILE  3  PFT  3 FRAC     0.08
  1965     1.443      0.977      0.802      0.162      0.181      2.437      3.595     93.961    448.105    -91.576   -102.974    185.536    354.144    109.817     75.719  TILE  3  PFT  3 FRAC     0.08
  1966     1.505      0.974      0.798      0.161      0.179      2.438      3.591    145.419    523.923    -33.517    -44.665    178.936    378.503    109.168     69.768  TILE  3  PFT  3 FRAC     0.08
  1967     1.571      1.000      0.804      0.179      0.189      2.451      3.639    185.469    580.080     -2.520    -12.502    187.989    394.611    114.061     73.929  TILE  3  PFT  3 FRAC     0.08
  1968     1.686      1.013      0.810      0.180      0.198      2.484      3.695    191.896    610.304     -5.731    -16.153    197.627    418.408    121.674     75.953  TILE  3  PFT  3 FRAC     0.08
  1969     1.580      1.015      0.817      0.173      0.206      2.554      3.775    155.260    558.457    -47.191    -58.209    202.450    403.197    125.336     77.115  TILE  3  PFT  3 FRAC     0.08
  1970     1.606      1.003      0.814      0.170      0.195      2.564      3.763    138.196    518.237    -62.945    -74.001    201.140    380.041    122.504     78.636  TILE  3  PFT  3 FRAC     0.08
  1971     1.740      1.028      0.815      0.186      0.211      2.582      3.820    216.653    634.885     15.899      5.169    200.754    418.231    123.552     77.202  TILE  3  PFT  3 FRAC     0.08
  1972     1.615      1.006      0.817      0.171      0.197      2.617      3.820    136.536    546.603    -74.962    -86.175    211.498    410.067    130.153     81.345  TILE  3  PFT  3 FRAC     0.08
  1973     1.790      1.049      0.835      0.189      0.205      2.597      3.850    234.486    644.158     31.983     21.417    202.503    409.672    124.277     78.225  TILE  3  PFT  3 FRAC     0.08
  1974     1.639      1.028      0.834      0.176      0.188      2.586      3.802    133.363    512.692    -66.020    -77.369    199.383    379.330    120.409     78.973  TILE  3  PFT  3 FRAC     0.08
  1975     1.630      1.017      0.832      0.170      0.177      2.547      3.742    140.708    525.142    -52.817    -64.033    193.524    384.434    115.450     78.074  TILE  3  PFT  3 FRAC     0.08
  1976     1.884      1.066      0.841      0.196      0.190      2.498      3.754    265.918    723.748     67.473     57.484    198.444    457.830    120.582     77.862  TILE  3  PFT  3 FRAC     0.08
  1977     1.781      1.090      0.864      0.199      0.200      2.530      3.820    212.821    660.252      9.731     -1.190    203.091    447.431    125.633     77.457  TILE  3  PFT  3 FRAC     0.08
  1978     1.878      1.101      0.876      0.199      0.207      2.571      3.879    215.069    662.754      5.813     -4.927    209.256    447.686    131.347     77.909  TILE  3  PFT  3 FRAC     0.08
  1979     1.507      1.061      0.869      0.178      0.194      2.558      3.813    118.191    516.108    -79.062    -91.519    197.253    397.918    120.724     76.529  TILE  3  PFT  3 FRAC     0.08
  1980     1.537      1.065      0.864      0.184      0.183      2.590      3.838    155.907    543.246    -34.791    -46.103    190.697    387.339    118.371     72.327  TILE  3  PFT  3 FRAC     0.08
  1981     1.571      1.053      0.865      0.174      0.186      2.573      3.811    146.469    565.007    -45.812    -57.477    192.281    418.538    115.913     76.368  TILE  3  PFT  3 FRAC     0.08
  1982     1.469      1.023      0.839      0.165      0.172      2.495      3.690     98.295    442.913    -86.040    -98.273    184.336    344.617    107.366     76.969  TILE  3  PFT  3 FRAC     0.08
  1983     1.691      1.043      0.838      0.181      0.178      2.497      3.719    183.669    569.817      1.586     -9.247    182.083    386.148    108.350     73.732  TILE  3  PFT  3 FRAC     0.08
  1984     1.536      1.038      0.841      0.180      0.177      2.408      3.623    146.917    530.062    -36.417    -47.930    183.334    383.145    107.791     75.543  TILE  3  PFT  3 FRAC     0.08
  1985     1.577      1.020      0.835      0.169      0.177      2.398      3.594    137.205    528.274    -43.265    -55.012    180.470    391.069    109.984     70.486  TILE  3  PFT  3 FRAC     0.08
  1986     1.620      1.027      0.841      0.172      0.175      2.406      3.608    162.573    562.220    -22.498    -33.080    185.071    399.647    111.320     73.751  TILE  3  PFT  3 FRAC     0.08
  1987     1.394      0.985      0.821      0.153      0.166      2.350      3.501     94.148    451.415    -78.603    -90.153    172.751    357.267    103.306     69.444  TILE  3  PFT  3 FRAC     0.08
  1988     1.628      1.000      0.818      0.166      0.172      2.340      3.512    174.143    557.225     -1.181    -11.963    175.324    383.081    105.791     69.534  TILE  3  PFT  3 FRAC     0.07
  1989     1.531      0.989      0.810      0.163      0.170      2.302      3.461    138.557    508.861    -36.792    -47.640    175.350    370.303    104.603     70.747  TILE  3  PFT  3 FRAC     0.07
  1990     1.717      1.015      0.809      0.182      0.177      2.309      3.501    197.390    580.755     19.820      9.956    177.570    383.365    108.253     69.318  TILE  3  PFT  3 FRAC     0.08
  1991     1.580      0.998      0.806      0.173      0.179      2.324      3.501    140.631    529.705    -43.673    -54.437    184.304    389.074    112.303     72.001  TILE  3  PFT  3 FRAC     0.08
  1992     1.468      0.964      0.794      0.156      0.181      2.353      3.498    106.031    467.887    -74.057    -85.168    180.088    361.856    110.771     69.317  TILE  3  PFT  3 FRAC     0.07
  1993     1.555      0.965      0.788      0.161      0.175      2.334      3.474    152.695    526.965    -32.202    -42.501    184.897    374.270    111.940     72.957  TILE  3  PFT  3 FRAC     0.07
  1994     1.615      0.978      0.796      0.166      0.177      2.327      3.481    174.527    577.660     -7.056    -17.065    181.583    403.132    110.540     71.043  TILE  3  PFT  3 FRAC     0.07
  1995     1.688      0.999      0.797      0.178      0.190      2.344      3.532    206.163    622.139     16.284      6.267    189.879    415.976    117.225     72.654  TILE  3  PFT  3 FRAC     0.08
  1996     1.735      1.015      0.802      0.186      0.215      2.411      3.640    204.744    613.735      8.713     -1.242    196.031    408.991    122.737     73.294  TILE  3  PFT  3 FRAC     0.08
  1997     1.767      1.027      0.812      0.188      0.232      2.536      3.795    207.776    633.774     -0.958    -11.636    208.734    425.998    134.491     74.242  TILE  3  PFT  3 FRAC     0.08
  1998     1.392      0.982      0.802      0.163      0.189      2.512      3.683     90.665    452.646   -117.965   -129.357    208.630    361.981    129.757     78.873  TILE  3  PFT  3 FRAC     0.08
  1999     1.712      1.008      0.810      0.178      0.189      2.544      3.742    202.696    625.693      3.350     -6.570    199.346    422.997    123.053     76.293  TILE  3  PFT  3 FRAC     0.08
  2000     1.388      0.951      0.789      0.150      0.169      2.439      3.560     77.624    429.817   -107.483   -119.074    185.107    352.192    109.628     75.479  TILE  3  PFT  3 FRAC     0.08
  2001     1.596      0.959      0.785      0.160      0.161      2.413      3.533    148.057    504.153    -30.908    -40.594    178.965    356.096    104.872     74.093  TILE  3  PFT  3 FRAC     0.08
  2002     1.599      0.967      0.784      0.166      0.170      2.405      3.543    161.347    539.592    -15.984    -25.746    177.331    378.246    104.037     73.294  TILE  3  PFT  3 FRAC     0.08
  2003     1.558      0.958      0.782      0.162      0.174      2.379      3.511    141.153    508.783    -33.842    -44.585    174.995    367.630    104.400     70.595  TILE  3  PFT  3 FRAC     0.08
  2004     1.635      0.986      0.786      0.176      0.185      2.388      3.558    196.469    579.680     16.043      5.721    180.426    383.212    109.572     70.854  TILE  3  PFT  3 FRAC     0.08
  2005     1.422      0.943      0.772      0.158      0.178      2.349      3.470     95.057    443.071    -86.225    -96.875    181.282    348.014    108.378     72.903  TILE  3  PFT  3 FRAC     0.07
  2006     1.476      0.946      0.772      0.159      0.176      2.357      3.478    150.826    521.640    -23.961    -34.371    174.787    370.814    107.389     67.398  TILE  3  PFT  3 FRAC     0.07
  2007     1.572      0.973      0.779      0.177      0.187      2.372      3.532    190.480    582.796      6.437     -2.992    184.043    392.316    112.450     71.593  TILE  3  PFT  3 FRAC     0.07
  2008     1.664      0.989      0.789      0.177      0.194      2.419      3.602    191.190    605.631     -2.743    -12.660    193.933    414.441    120.170     73.764  TILE  3  PFT  3 FRAC     0.08
  2009     1.584      0.991      0.797      0.170      0.202      2.488      3.682    158.807    559.894    -39.510    -50.157    198.317    401.087    123.221     75.096  TILE  3  PFT  3 FRAC     0.07
  2010     1.589      0.981      0.795      0.167      0.191      2.500      3.672    138.414    514.306    -59.057    -69.725    197.470    375.893    120.701     76.769  TILE  3  PFT  3 FRAC     0.07
  2011     1.726      1.006      0.796      0.183      0.206      2.518      3.730    215.622    632.052     19.207      8.838    196.416    416.429    121.128     75.287  TILE  3  PFT  3 FRAC     0.08
  2012     1.593      0.987      0.802      0.169      0.194      2.560      3.741    136.747    541.931    -70.591    -81.516    207.338    405.184    127.884     79.454  TILE  3  PFT  3 FRAC     0.08
  2013     1.789      1.032      0.820      0.188      0.203      2.543      3.778    237.651    645.448     38.112     27.752    199.540    407.797    122.941     76.598  TILE  3  PFT  3 FRAC     0.08
  2014     1.612      1.014      0.821      0.174      0.186      2.543      3.743    132.973    508.477    -63.986    -75.123    196.959    375.503    119.474     77.485  TILE  3  PFT  3 FRAC     0.08
  2015     1.635      1.002      0.818      0.168      0.176      2.498      3.676    145.819    527.181    -45.623    -56.652    191.442    381.362    114.736     76.706  TILE  3  PFT  3 FRAC     0.08
  2016     1.859      1.052      0.829      0.195      0.189      2.455      3.696    265.942    721.120     69.733     59.917    196.209    455.178    119.768     76.441  TILE  3  PFT  3 FRAC     0.08
  2017     1.759      1.077      0.853      0.197      0.198      2.496      3.771    210.528    655.321      9.368     -1.408    201.160    444.793    124.823     76.337  TILE  3  PFT  3 FRAC     0.08
  2018     1.863      1.086      0.863      0.197      0.205      2.537      3.828    211.237    660.178      3.944     -6.653    207.293    448.941    130.312     76.981  TILE  3  PFT  3 FRAC     0.08
  2019     1.492      1.049      0.858      0.177      0.193      2.529      3.771    119.737    514.086    -75.661    -87.951    195.399    394.348    119.834     75.565  TILE  3  PFT  3 FRAC     0.08
  2020     1.547      1.052      0.853      0.183      0.183      2.560      3.795    158.236    545.987    -30.759    -41.942    188.995    387.751    117.566     71.429  TILE  3  PFT  3 FRAC     0.08
  2021     1.557      1.040      0.853      0.172      0.184      2.543      3.767    146.552    563.032    -44.371    -55.890    190.923    416.480    115.410     75.513  TILE  3  PFT  3 FRAC     0.08
  2022     1.471      1.009      0.827      0.163      0.171      2.463      3.643     99.990    443.322    -82.675    -94.749    182.665    343.332    106.592     76.073  TILE  3  PFT  3 FRAC     0.08
  2023     1.697      1.028      0.824      0.179      0.177      2.460      3.665    185.875    571.124      5.410     -5.213    180.465    385.249    107.678     72.787  TILE  3  PFT  3 FRAC     0.08
  2024     1.542      1.023      0.827      0.179      0.176      2.373      3.572    149.736    531.954    -31.684    -42.990    181.420    382.219    107.052     74.368  TILE  3  PFT  3 FRAC     0.08
  2025     1.568      1.009      0.825      0.168      0.175      2.373      3.557    138.612    526.339    -40.341    -51.913    178.954    387.727    109.405     69.549  TILE  3  PFT  3 FRAC     0.08
  2026     1.625      1.016      0.831      0.170      0.174      2.379      3.569    163.692    563.030    -19.891    -30.352    183.583    399.338    110.688     72.895  TILE  3  PFT  3 FRAC     0.08
  2027     1.398      0.973      0.809      0.153      0.165      2.322      3.460     95.587    451.976    -75.785    -87.158    171.372    356.389    102.731     68.641  TILE  3  PFT  3 FRAC     0.07
  2028     1.631      0.989      0.808      0.165      0.172      2.317      3.478    175.344    558.213      1.258     -9.299    174.086    382.869    105.319     68.767  TILE  3  PFT  3 FRAC     0.07
  2029     1.552      0.978      0.799      0.162      0.170      2.275      3.424    142.880    513.920    -31.366    -42.003    174.246    371.040    104.261     69.985  TILE  3  PFT  3 FRAC     0.07
  2030     1.721      1.004      0.799      0.180      0.177      2.283      3.464    198.718    581.623     22.118     12.444    176.600    382.904    108.032     68.568  TILE  3  PFT  3 FRAC     0.07
  2031     1.585      0.987      0.797      0.172      0.178      2.299      3.464    142.260    530.537    -40.714    -51.272    182.974    388.277    111.756     71.218  TILE  3  PFT  3 FRAC     0.07
  2032     1.443      0.955      0.787      0.155      0.179      2.334      3.469    104.664    462.939    -74.181    -85.060    178.846    358.275    110.158     68.688  TILE  3  PFT  3 FRAC     0.07
  2033     1.542      0.958      0.782      0.160      0.174      2.317      3.449    152.610    523.841    -31.196    -41.317    183.806    371.231    111.361     72.445  TILE  3  PFT  3 FRAC     0.07
  2034     1.627      0.971      0.790      0.166      0.176      2.306      3.454    178.543    582.649     -1.822    -11.678    180.365    404.106    109.965     70.400  TILE  3  PFT  3 FRAC     0.07
  2035     1.683      0.993      0.792      0.177      0.188      2.326      3.507    205.766    620.759     16.986      7.112    188.780    414.993    116.716     72.063  TILE  3  PFT  3 FRAC     0.07
  2036     1.734      1.011      0.799      0.186      0.214      2.392      3.617    207.364    613.078     12.675      2.815    194.689    405.714    121.951     72.738  TILE  3  PFT  3 FRAC     0.08
  2037     1.790      1.023      0.808      0.188      0.233      2.512      3.768    212.898    641.370      5.306     -5.331    207.592    428.472    134.005     73.587  TILE  3  PFT  3 FRAC     0.08
  2038     1.390      0.979      0.799      0.162      0.189      2.499      3.667     90.333    451.967   -118.007   -129.373    208.340    361.635    130.056     78.284  TILE  3  PFT  3 FRAC     0.08
  2039     1.714      1.003      0.805      0.178      0.189      2.529      3.722    203.074    625.452      3.900     -5.989    199.174    422.378    123.228     75.946  TILE  3  PFT  3 FRAC     0.08
  2040     1.396      0.947      0.785      0.149      0.169      2.426      3.542     79.041    431.654   -105.570   -117.065    184.611    352.612    109.564     75.048  TILE  3  PFT  3 FRAC     0.08
  2041     1.601      0.954      0.780      0.159      0.161      2.398      3.513    148.920    505.289    -29.601    -39.190    178.520    356.369    104.815     73.705  TILE  3  PFT  3 FRAC     0.08
  2042     1.604      0.965      0.781      0.166      0.171      2.397      3.533    162.452    540.910    -14.325    -23.992    176.776    378.459    103.890     72.887  TILE  3  PFT  3 FRAC     0.08
  2043     1.561      0.956      0.779      0.162      0.174      2.371      3.500    141.086    508.745    -33.723    -44.401    174.809    367.658    104.436     70.373  TILE  3  PFT  3 FRAC     0.08
  2044     1.640      0.982      0.783      0.175      0.184      2.379      3.545    195.825    578.838     15.801      5.544    180.025    383.013    109.411     70.614  TILE  3  PFT  3 FRAC     0.08
  2045     1.423      0.940      0.769      0.158      0.177      2.341      3.458     95.643    443.126    -85.120    -95.688    180.762    347.483    108.128     72.634  TILE  3  PFT  3 FRAC     0.08
  2046     1.462      0.939      0.768      0.157      0.174      2.350      3.464    144.648    516.321    -29.573    -39.866    174.221    371.673    106.979     67.242  TILE  3  PFT  3 FRAC     0.07
  2047     1.561      0.967      0.775      0.176      0.186      2.365      3.518    188.334    578.695      5.196     -4.109    183.138    390.361    111.688     71.450  TILE  3  PFT  3 FRAC     0.07
  2048     1.667      0.981      0.782      0.177      0.193      2.402      3.577    192.281    605.779     -0.736    -10.544    193.016    413.498    119.513     73.503  TILE  3  PFT  3 FRAC     0.08
  2049     1.584      0.984      0.790      0.170      0.202      2.473      3.659    159.348    559.910    -37.916    -48.427    197.264    400.562    122.669     74.595  TILE  3  PFT  3 FRAC     0.08
  2050     1.590      0.975      0.789      0.167      0.190      2.487      3.651    138.806    514.468    -57.866    -68.410    196.672    375.662    120.360     76.312  TILE  3  PFT  3 FRAC     0.07
  2051     1.728      1.003      0.793      0.183      0.206      2.510      3.719    216.724    632.608     20.941     10.693    195.782    415.884    120.885     74.898  TILE  3  PFT  3 FRAC     0.08
  2052     1.602      0.983      0.798      0.168      0.194      2.552      3.729    137.181    542.627    -69.916    -80.788    207.098    405.445    127.894     79.204  TILE  3  PFT  3 FRAC     0.08
  2053     1.797      1.026      0.815      0.187      0.203      2.530      3.760    239.530    647.746     40.280     29.966    199.250    408.216    122.938     76.311  TILE  3  PFT  3 FRAC     0.08
  2054     1.610      1.008      0.816      0.174      0.186      2.533      3.728    132.893    507.760    -63.606    -74.669    196.499    374.866    119.369     77.130  TILE  3  PFT  3 FRAC     0.08
  2055     1.608      0.999      0.816      0.167      0.176      2.501      3.675    140.438    520.643    -50.624    -61.569    191.062    380.205    114.467     76.594  TILE  3  PFT  3 FRAC     0.08
  2056     1.858      1.044      0.823      0.193      0.188      2.452      3.684    262.637    716.047     66.599     56.810    196.038    453.410    119.477     76.561  TILE  3  PFT  3 FRAC     0.08
  2057     1.760      1.071      0.847      0.197      0.198      2.490      3.759    212.352    656.273     11.777      1.072    200.575    443.921    124.373     76.202  TILE  3  PFT  3 FRAC     0.08
  2058     1.851      1.080      0.859      0.196      0.204      2.535      3.820    208.170    654.520      1.103     -9.441    207.067    446.350    130.107     76.961  TILE  3  PFT  3 FRAC     0.08
  2059     1.500      1.044      0.854      0.177      0.192      2.520      3.757    122.627    516.781    -72.338    -84.569    194.965    394.154    119.481     75.483  TILE  3  PFT  3 FRAC     0.08
  2060     1.544      1.048      0.849      0.182      0.183      2.553      3.784    158.068    545.030    -30.549    -41.679    188.617    386.962    117.399     71.218  TILE  3  PFT  3 FRAC     0.08
  2061     1.550      1.035      0.849      0.171      0.184      2.539      3.758    144.883    559.473    -45.868    -57.352    190.750    414.590    115.343     75.407  TILE  3  PFT  3 FRAC     0.08
  2062     1.444      1.006      0.824      0.162      0.170      2.463      3.639     98.140    438.690    -84.213    -96.226    182.353    340.550    106.330     76.023  TILE  3  PFT  3 FRAC     0.08
  2063     1.701      1.023      0.821      0.179      0.177      2.454      3.654    186.949    572.265      6.986     -3.583    179.963    385.317    107.253     72.710  TILE  3  PFT  3 FRAC     0.08
  2064     1.545      1.019      0.823      0.178      0.176      2.367      3.562    150.126    532.059    -31.002    -42.246    181.128    381.933    106.945     74.183  TILE  3  PFT  3 FRAC     0.08
  2065     1.570      1.004      0.821      0.168      0.175      2.365      3.545    139.332    526.847    -39.321    -50.829    178.653    387.515    109.284     69.369  TILE  3  PFT  3 FRAC     0.08
  2066     1.628      1.012      0.827      0.170      0.174      2.373      3.558    164.603    563.965    -18.695    -29.099    183.299    399.362    110.613     72.685  TILE  3  PFT  3 FRAC     0.08
  2067     1.392      0.970      0.807      0.152      0.165      2.319      3.453     95.008    450.629    -76.319    -87.623    171.327    355.621    102.768     68.559  TILE  3  PFT  3 FRAC     0.07
  2068     1.624      0.980      0.800      0.164      0.171      2.314      3.466    169.468    552.163     -4.625    -15.104    174.092    382.695    105.287     68.806  TILE  3  PFT  3 FRAC     0.07
  2069     1.546      0.971      0.793      0.162      0.170      2.274      3.416    143.832    513.689    -30.103    -40.576    173.935    369.857    104.028     69.907  TILE  3  PFT  3 FRAC     0.07
  2070     1.722      0.998      0.793      0.180      0.177      2.280      3.455    199.579    582.136     23.330     13.775    176.249    382.557    107.742     68.507  TILE  3  PFT  3 FRAC     0.07
  2071     1.586      0.982      0.792      0.171      0.178      2.295      3.455    142.714    530.649    -39.909    -50.341    182.623    387.935    111.513     71.110  TILE  3  PFT  3 FRAC     0.07
  2072     1.444      0.950      0.783      0.154      0.179      2.330      3.460    105.299    462.454    -73.336    -84.104    178.635    357.155    110.033     68.602  TILE  3  PFT  3 FRAC     0.07
  2073     1.559      0.953      0.777      0.160      0.174      2.309      3.437    155.020    528.301    -28.429    -38.438    183.449    373.281    111.191     72.258  TILE  3  PFT  3 FRAC     0.07
  2074     1.613      0.966      0.786      0.165      0.176      2.304      3.446    175.294    577.872     -5.003    -14.754    180.297    402.578    109.976     70.321  TILE  3  PFT  3 FRAC     0.07
  2075     1.660      0.993      0.793      0.177      0.187      2.335      3.516    202.868    615.077     14.358      4.573    188.510    412.209    116.373     72.138  TILE  3  PFT  3 FRAC     0.07
  2076     1.730      1.010      0.798      0.185      0.213      2.400      3.622    203.510    611.485      9.016     -0.812    194.494    407.975    121.496     72.998  TILE  3  PFT  3 FRAC     0.08
  2077     1.779      1.023      0.808      0.188      0.232      2.524      3.780    209.729    635.891      2.135     -8.475    207.595    426.162    133.742     73.853  TILE  3  PFT  3 FRAC     0.08
  2078     1.391      0.978      0.799      0.162      0.189      2.506      3.674     90.457    452.565   -118.047   -129.402    208.504    362.108    129.940     78.563  TILE  3  PFT  3 FRAC     0.08
  2079     1.711      1.005      0.806      0.178      0.189      2.537      3.731    203.144    625.886      3.938     -5.938    199.207    422.742    123.084     76.123  TILE  3  PFT  3 FRAC     0.08
  2080     1.397      0.948      0.787      0.150      0.169      2.431      3.549     79.220    431.783   -105.613   -117.144    184.833    352.563    109.602     75.231  TILE  3  PFT  3 FRAC     0.08
  2081     1.599      0.956      0.782      0.160      0.161      2.404      3.522    148.806    504.958    -29.917    -39.538    178.722    356.152    104.870     73.853  TILE  3  PFT  3 FRAC     0.08
  2082     1.597      0.967      0.783      0.166      0.171      2.403      3.540    161.191    539.732    -15.760    -25.467    176.950    378.542    103.890     73.060  TILE  3  PFT  3 FRAC     0.08
  2083     1.562      0.956      0.780      0.161      0.174      2.373      3.503    140.969    508.592    -34.006    -44.720    174.975    367.623    104.467     70.508  TILE  3  PFT  3 FRAC     0.07
  2084     1.636      0.982      0.784      0.175      0.184      2.380      3.546    195.489    577.995     15.352      5.076    180.137    382.506    109.435     70.702  TILE  3  PFT  3 FRAC     0.08
  2085     1.422      0.940      0.770      0.158      0.177      2.341      3.458     95.594    442.830    -85.067    -95.638    180.661    347.237    108.005     72.656  TILE  3  PFT  3 FRAC     0.07
  2086     1.488      0.938      0.766      0.158      0.175      2.344      3.457    148.042    521.877    -26.016    -36.309    174.058    373.834    106.966     67.093  TILE  3  PFT  3 FRAC     0.07
  2087     1.563      0.966      0.774      0.175      0.186      2.361      3.512    188.062    578.563      4.805     -4.483    183.256    390.502    111.980     71.277  TILE  3  PFT  3 FRAC     0.07
  2088     1.670      0.980      0.781      0.176      0.193      2.397      3.570    193.073    606.533      0.284     -9.495    192.789    413.460    119.435     73.354  TILE  3  PFT  3 FRAC     0.08
  2089     1.558      0.984      0.790      0.169      0.201      2.473      3.658    156.941    554.919    -40.198    -50.676    197.140    397.978    122.598     74.542  TILE  3  PFT  3 FRAC     0.07
  2090     1.590      0.974      0.789      0.167      0.190      2.484      3.647    138.928    514.512    -57.188    -67.712    196.116    375.584    119.848     76.268  TILE  3  PFT  3 FRAC     0.07
  2091     1.707      1.004      0.794      0.182      0.205      2.513      3.722    214.561    628.548     18.968      8.736    195.593    413.987    120.695     74.898  TILE  3  PFT  3 FRAC     0.08
  2092     1.594      0.984      0.799      0.169      0.193      2.553      3.730    137.152    542.097    -69.590    -80.467    206.741    404.945    127.467     79.275  TILE  3  PFT  3 FRAC     0.08
  2093     1.801      1.027      0.815      0.187      0.203      2.526      3.755    240.343    649.204     41.376     31.051    198.967    408.861    122.690     76.277  TILE  3  PFT  3 FRAC     0.08
  2094     1.613      1.009      0.816      0.175      0.186      2.527      3.723    134.655    510.071    -61.608    -72.669    196.262    375.416    119.311     76.952  TILE  3  PFT  3 FRAC     0.08
  2095     1.607      0.999      0.816      0.167      0.176      2.497      3.671    140.054    520.517    -50.912    -61.856    190.966    380.463    114.566     76.400  TILE  3  PFT  3 FRAC     0.08
  2096     1.867      1.045      0.823      0.194      0.188      2.443      3.676    266.571    723.020     70.983     61.214    195.588    456.449    119.278     76.311  TILE  3  PFT  3 FRAC     0.08
  2097     1.760      1.071      0.847      0.197      0.198      2.484      3.753    212.213    656.455     11.723      1.025    200.489    444.242    124.545     75.944  TILE  3  PFT  3 FRAC     0.08
  2098     1.834      1.082      0.861      0.196      0.204      2.540      3.826    204.536    649.116     -2.547    -13.092    207.082    444.580    130.108     76.975  TILE  3  PFT  3 FRAC     0.08
  2099     1.504      1.047      0.856      0.177      0.193      2.525      3.765    123.420    518.254    -71.480    -83.727    194.900    394.834    119.383     75.517  TILE  3  PFT  3 FRAC     0.08
  2100     1.539      1.050      0.851      0.182      0.182      2.557      3.790    156.896    543.541    -32.008    -43.168    188.904    386.645    117.498     71.406  TILE  3  PFT  3 FRAC     0.08
  2101     1.553      1.039      0.852      0.172      0.184      2.541      3.763    146.590    563.070    -44.087    -55.584    190.676    416.481    115.229     75.448  TILE  3  PFT  3 FRAC     0.08
  2102     1.441      1.009      0.827      0.162      0.170      2.464      3.643     97.325    438.086    -85.117    -97.162    182.442    340.760    106.361     76.081  TILE  3  PFT  3 FRAC     0.08
  2103     1.698      1.026      0.822      0.179      0.177      2.455      3.657    186.440    571.575      6.421     -4.200    180.019    385.135    107.257     72.762  TILE  3  PFT  3 FRAC     0.08
  2104     1.530      1.021      0.826      0.178      0.175      2.369      3.565    147.095    527.803    -34.084    -45.342    181.179    380.709    106.848     74.331  TILE  3  PFT  3 FRAC     0.08
  2105     1.570      1.006      0.822      0.168      0.175      2.364      3.544    139.808    527.759    -38.577    -50.108    178.385    387.951    108.992     69.393  TILE  3  PFT  3 FRAC     0.08
  2106     1.606      1.016      0.831      0.171      0.173      2.376      3.565    164.844    559.133    -18.374    -28.794    183.218    394.289    110.497     72.721  TILE  3  PFT  3 FRAC     0.07
  2107     1.398      0.973      0.810      0.152      0.165      2.318      3.457     95.407    452.062    -75.746    -87.112    171.153    356.654    102.601     68.552  TILE  3  PFT  3 FRAC     0.07
  2108     1.626      0.982      0.803      0.164      0.172      2.313      3.467    169.257    552.337     -4.938    -15.481    174.195    383.080    105.401     68.794  TILE  3  PFT  3 FRAC     0.07
  2109     1.551      0.971      0.794      0.161      0.170      2.271      3.412    143.076    514.317    -31.024    -41.535    174.099    371.241    104.135     69.964  TILE  3  PFT  3 FRAC     0.07
  2110     1.722      0.998      0.793      0.180      0.177      2.276      3.451    199.413    581.490     23.240     13.679    176.173    382.077    107.745     68.428  TILE  3  PFT  3 FRAC     0.07
  2111     1.586      0.981      0.791      0.171      0.178      2.292      3.451    143.056    530.834    -39.472    -49.901    182.528    387.777    111.524     71.005  TILE  3  PFT  3 FRAC     0.07
  2112     1.446      0.949      0.782      0.154      0.179      2.327      3.455    105.235    463.553    -73.196    -83.930    178.431    358.318    109.966     68.465  TILE  3  PFT  3 FRAC     0.07
  2113     1.540      0.957      0.780      0.161      0.174      2.311      3.442    156.730    523.983    -26.655    -36.675    183.385    367.253    111.173     72.212  TILE  3  PFT  3 FRAC     0.07
  2114     1.623      0.969      0.788      0.166      0.176      2.302      3.447    177.957    582.115     -2.278    -12.087    180.235    404.159    109.981     70.253  TILE  3  PFT  3 FRAC     0.07
  2115     1.655      0.995      0.795      0.177      0.188      2.336      3.520    201.947    614.440     13.366      3.532    188.581    412.494    116.508     72.073  TILE  3  PFT  3 FRAC     0.07
  2116     1.726      1.012      0.800      0.186      0.213      2.401      3.626    202.623    610.455      7.914     -1.956    194.709    407.832    121.644     73.065  TILE  3  PFT  3 FRAC     0.08
  2117     1.770      1.026      0.811      0.188      0.232      2.526      3.783    209.064    635.287      1.524     -9.112    207.541    426.223    133.645     73.896  TILE  3  PFT  3 FRAC     0.08
  2118     1.385      0.981      0.801      0.163      0.189      2.506      3.676     89.394    450.628   -118.865   -130.233    208.259    361.235    129.626     78.633  TILE  3  PFT  3 FRAC     0.08
  2119     1.716      1.005      0.807      0.178      0.189      2.530      3.724    204.026    627.283      5.004     -4.901    199.022    423.257    122.948     76.074  TILE  3  PFT  3 FRAC     0.08
  2120     1.395      0.948      0.787      0.149      0.169      2.426      3.543     78.954    431.506   -105.571   -117.096    184.525    352.552    109.475     75.051  TILE  3  PFT  3 FRAC     0.08
  2121     1.602      0.954      0.780      0.159      0.161      2.396      3.512    149.075    505.127    -29.467    -39.081    178.541    356.052    104.847     73.694  TILE  3  PFT  3 FRAC     0.08
  2122     1.599      0.965      0.781      0.166      0.171      2.396      3.531    161.878    540.367    -14.807    -24.481    176.685    378.489    103.841     72.844  TILE  3  PFT  3 FRAC     0.07
  2123     1.563      0.955      0.779      0.161      0.173      2.368      3.497    141.574    509.152    -33.148    -43.818    174.722    367.578    104.408     70.313  TILE  3  PFT  3 FRAC     0.07
  2124     1.621      0.983      0.784      0.175      0.184      2.380      3.547    194.339    575.221     14.323      4.080    180.016    380.882    109.396     70.619  TILE  3  PFT  3 FRAC     0.07
  2125     1.420      0.941      0.770      0.157      0.177      2.340      3.457     95.189    442.284    -85.225    -95.794    180.414    347.095    107.765     72.649  TILE  3  PFT  3 FRAC     0.07
  2126     1.461      0.939      0.768      0.157      0.174      2.347      3.460    144.320    515.960    -29.716    -40.005    174.036    371.639    106.817     67.219  TILE  3  PFT  3 FRAC     0.07
  2127     1.562      0.966      0.775      0.175      0.186      2.361      3.513    188.749    579.418      5.831     -3.465    182.918    390.669    111.600     71.318  TILE  3  PFT  3 FRAC     0.07
  2128     1.668      0.981      0.782      0.177      0.193      2.400      3.575    192.902    606.647      0.105     -9.686    192.797    413.744    119.433     73.364  TILE  3  PFT  3 FRAC     0.07
  2129     1.561      0.985      0.791      0.169      0.201      2.475      3.660    157.079    555.327    -40.242    -50.744    197.321    398.248    122.678     74.643  TILE  3  PFT  3 FRAC     0.07
  2130     1.593      0.974      0.789      0.167      0.190      2.485      3.649    139.852    515.586    -56.528    -67.071    196.380    375.734    120.066     76.314  TILE  3  PFT  3 FRAC     0.07
  2131     1.725      1.001      0.792      0.182      0.206      2.507      3.714    216.446    632.065     20.747     10.503    195.699    415.619    120.856     74.842  TILE  3  PFT  3 FRAC     0.08
  2132     1.599      0.982      0.797      0.168      0.194      2.548      3.724    138.317    543.681    -68.610    -79.460    206.928    405.363    127.827     79.101  TILE  3  PFT  3 FRAC     0.08
  2133     1.790      1.025      0.814      0.186      0.202      2.528      3.755    238.066    645.015     38.944     28.650    199.121    406.949    122.874     76.247  TILE  3  PFT  3 FRAC     0.08
  2134     1.610      1.006      0.815      0.173      0.186      2.529      3.721    132.343    506.783    -63.861    -74.897    196.203    374.440    119.133     77.070  TILE  3  PFT  3 FRAC     0.08
  2135     1.607      0.996      0.814      0.167      0.175      2.495      3.667    140.367    520.495    -50.373    -61.284    190.740    380.128    114.273     76.467  TILE  3  PFT  3 FRAC     0.08
  2136     1.861      1.046      0.824      0.194      0.188      2.449      3.684    266.573    720.887     70.996     61.238    195.577    454.314    119.252     76.325  TILE  3  PFT  3 FRAC     0.08
  2137     1.772      1.069      0.845      0.197      0.198      2.482      3.749    214.293    659.927     13.603      2.876    200.690    445.634    124.666     76.024  TILE  3  PFT  3 FRAC     0.08
  2138     1.870      1.073      0.852      0.195      0.205      2.515      3.793    211.576    660.312      4.700     -5.822    206.876    448.736    130.283     76.593  TILE  3  PFT  3 FRAC     0.08
  2139     1.506      1.039      0.848      0.176      0.193      2.508      3.739    123.708    518.060    -70.723    -82.883    194.431    394.352    119.498     74.933  TILE  3  PFT  3 FRAC     0.08
  2140     1.523      1.044      0.845      0.182      0.182      2.547      3.773    156.046    540.504    -32.582    -43.658    188.628    384.458    117.535     71.093  TILE  3  PFT  3 FRAC     0.08
  2141     1.559      1.032      0.847      0.171      0.183      2.531      3.747    147.871    564.119    -42.051    -53.481    189.922    416.248    114.801     75.122  TILE  3  PFT  3 FRAC     0.08
  2142     1.444      1.004      0.822      0.162      0.170      2.456      3.629     98.273    438.636    -83.631    -95.605    181.904    340.364    106.133     75.771  TILE  3  PFT  3 FRAC     0.08
  2143     1.702      1.021      0.819      0.178      0.177      2.447      3.645    187.364    572.390      7.763     -2.774    179.601    385.026    107.099     72.501  TILE  3  PFT  3 FRAC     0.08
  2144     1.531      1.017      0.822      0.177      0.175      2.364      3.556    147.564    527.760    -33.267    -44.461    180.831    380.196    106.713     74.118  TILE  3  PFT  3 FRAC     0.08
  2145     1.578      1.004      0.821      0.168      0.175      2.362      3.542    141.736    530.295    -36.464    -47.954    178.200    388.559    108.970     69.230  TILE  3  PFT  3 FRAC     0.08
  2146     1.626      1.012      0.826      0.170      0.174      2.370      3.556    163.998    563.249    -19.227    -29.623    183.225    399.251    110.614     72.611  TILE  3  PFT  3 FRAC     0.08
  2147     1.385      0.970      0.807      0.152      0.164      2.318      3.453     94.250    449.006    -76.954    -88.250    171.204    354.756    102.658     68.546  TILE  3  PFT  3 FRAC     0.07
  2148     1.632      0.983      0.802      0.165      0.172      2.314      3.468    172.822    556.782     -1.138    -11.636    173.960    383.960    105.244     68.716  TILE  3  PFT  3 FRAC     0.07
  2149     1.544      0.970      0.793      0.161      0.170      2.273      3.413    139.689    510.588    -34.503    -44.988    174.193    370.899    104.167     70.025  TILE  3  PFT  3 FRAC     0.07
  2150     1.725      0.997      0.792      0.180      0.177      2.278      3.451    200.166    582.510     24.052     14.509    176.115    382.344    107.659     68.455  TILE  3  PFT  3 FRAC     0.07
  2151     1.587      0.981      0.791      0.171      0.178      2.293      3.452    143.006    530.667    -39.634    -50.054    182.640    387.660    111.580     71.060  TILE  3  PFT  3 FRAC     0.07
  2152     1.452      0.949      0.782      0.154      0.179      2.327      3.456    106.454    464.510    -72.123    -82.875    178.577    358.056    110.068     68.510  TILE  3  PFT  3 FRAC     0.07
  2153     1.541      0.958      0.782      0.161      0.174      2.313      3.445    157.891    525.038    -25.527    -35.559    183.418    367.147    111.194     72.223  TILE  3  PFT  3 FRAC     0.07
  2154     1.626      0.971      0.789      0.167      0.176      2.303      3.451    178.518    582.938     -1.706    -11.557    180.224    404.420    109.946     70.279  TILE  3  PFT  3 FRAC     0.07
  2155     1.661      0.996      0.796      0.177      0.188      2.337      3.522    201.101    614.089     12.208      2.334    188.894    412.987    116.755     72.138  TILE  3  PFT  3 FRAC     0.07
  2156     1.725      1.012      0.800      0.185      0.213      2.405      3.630    201.459    609.137      6.466     -3.419    194.993    407.678    121.869     73.124  TILE  3  PFT  3 FRAC     0.08
  2157     1.773      1.028      0.812      0.189      0.232      2.529      3.789    211.523    639.241      3.780     -6.872    207.743    427.718    133.794     73.950  TILE  3  PFT  3 FRAC     0.08
  2158     1.397      0.982      0.802      0.163      0.189      2.506      3.677     91.091    454.200   -117.505   -128.895    208.596    363.109    129.931     78.665  TILE  3  PFT  3 FRAC     0.08
  2159     1.714      1.007      0.808      0.178      0.189      2.534      3.729    203.088    626.237      3.857     -6.063    199.231    423.150    123.133     76.098  TILE  3  PFT  3 FRAC     0.08
  2160     1.387      0.950      0.789      0.149      0.169      2.430      3.549     77.606    429.830   -107.126   -118.679    184.733    352.223    109.535     75.198  TILE  3  PFT  3 FRAC     0.08
  2161     1.598      0.958      0.783      0.159      0.161      2.403      3.522    148.710    504.681    -29.836    -39.493    178.546    355.971    104.725     73.821  TILE  3  PFT  3 FRAC     0.08
  2162     1.596      0.968      0.785      0.166      0.170      2.403      3.541    160.583    538.641    -16.371    -26.112    176.953    378.058    103.889     73.065  TILE  3  PFT  3 FRAC     0.08
  2163     1.557      0.958      0.782      0.162      0.173      2.374      3.506    140.589    507.895    -34.297    -45.047    174.886    367.305    104.348     70.538  TILE  3  PFT  3 FRAC     0.07
  2164     1.637      0.984      0.785      0.175      0.184      2.381      3.549    195.034    578.055     14.847      4.533    180.187    383.020    109.458     70.729  TILE  3  PFT  3 FRAC     0.08
  2165     1.421      0.941      0.771      0.158      0.178      2.342      3.461     95.276    442.559    -85.550    -96.163    180.826    347.283    108.130     72.696  TILE  3  PFT  3 FRAC     0.07
  2166     1.485      0.939      0.768      0.157      0.175      2.346      3.460    146.952    520.228    -27.258    -37.582    174.211    373.276    107.026     67.185  TILE  3  PFT  3 FRAC     0.07
  2167     1.560      0.967      0.774      0.176      0.186      2.364      3.516    188.179    578.825      4.862     -4.449    183.316    390.646    111.951     71.366  TILE  3  PFT  3 FRAC     0.07
  2168     1.667      0.982      0.782      0.177      0.194      2.404      3.580    192.487    606.447     -0.613    -10.408    193.100    413.960    119.622     73.478  TILE  3  PFT  3 FRAC     0.08
  2169     1.557      0.986      0.792      0.170      0.201      2.480      3.667    156.508    554.736    -41.149    -51.663    197.656    398.229    122.879     74.777  TILE  3  PFT  3 FRAC     0.07
  2170     1.589      0.975      0.790      0.167      0.190      2.490      3.655    138.886    514.658    -57.634    -68.191    196.520    375.771    120.061     76.459  TILE  3  PFT  3 FRAC     0.07
  2171     1.730      1.000      0.790      0.182      0.206      2.506      3.712    216.768    633.286     20.991     10.738    195.777    416.518    120.834     74.943  TILE  3  PFT  3 FRAC     0.08
  2172     1.602      0.980      0.796      0.168      0.194      2.548      3.721    137.353    542.600    -69.462    -80.292    206.815    405.247    127.732     79.083  TILE  3  PFT  3 FRAC     0.08
  2173     1.791      1.024      0.813      0.187      0.202      2.527      3.753    238.324    645.384     39.312     29.047    199.011    407.060    122.784     76.228  TILE  3  PFT  3 FRAC     0.08
  2174     1.613      1.006      0.814      0.174      0.186      2.528      3.720    133.838    508.538    -62.214    -73.222    196.052    374.701    119.031     77.021  TILE  3  PFT  3 FRAC     0.08
  2175     1.607      0.996      0.813      0.168      0.175      2.495      3.667    140.652    520.796    -50.088    -60.989    190.741    380.143    114.328     76.412  TILE  3  PFT  3 FRAC     0.08
  2176     1.861      1.048      0.826      0.195      0.188      2.452      3.688    267.622    722.241     72.085     62.334    195.538    454.619    119.229     76.308  TILE  3  PFT  3 FRAC     0.08
  2177     1.777      1.071      0.847      0.197      0.199      2.484      3.753    213.920    660.350     13.131      2.392    200.789    446.429    124.685     76.104  TILE  3  PFT  3 FRAC     0.08
  2178     1.871      1.075      0.853      0.195      0.205      2.517      3.796    211.758    661.067      4.744     -5.791    207.014    449.309    130.407     76.607  TILE  3  PFT  3 FRAC     0.08
  2179     1.507      1.039      0.848      0.176      0.193      2.507      3.739    123.753    518.448    -70.704    -82.876    194.457    394.695    119.549     74.908  TILE  3  PFT  3 FRAC     0.08
  2180     1.519      1.044      0.846      0.182      0.182      2.548      3.774    155.752    540.088    -32.846    -43.927    188.599    384.336    117.485     71.113  TILE  3  PFT  3 FRAC     0.08
  2181     1.557      1.032      0.846      0.172      0.183      2.532      3.748    146.677    562.470    -43.467    -54.906    190.143    415.793    114.918     75.225  TILE  3  PFT  3 FRAC     0.08
  2182     1.444      1.004      0.822      0.162      0.170      2.457      3.631     98.180    438.639    -83.797    -95.769    181.977    340.459    106.147     75.830  TILE  3  PFT  3 FRAC     0.08
  2183     1.702      1.022      0.819      0.178      0.177      2.449      3.648    187.234    572.273      7.536     -2.999    179.698    385.040    107.131     72.566  TILE  3  PFT  3 FRAC     0.08
  2184     1.546      1.018      0.823      0.178      0.176      2.364      3.558    151.097    532.667    -29.761    -40.972    180.857    381.570    106.813     74.044  TILE  3  PFT  3 FRAC     0.08
  2185     1.580      1.013      0.827      0.170      0.176      2.365      3.554    149.023    531.890    -29.571    -41.122    178.594    382.867    109.374     69.220  TILE  3  PFT  3 FRAC     0.08
  2186     1.630      1.019      0.833      0.171      0.174      2.375      3.568    162.629    563.405    -21.059    -31.538    183.688    400.775    110.956     72.732  TILE  3  PFT  3 FRAC     0.08
  2187     1.391      0.975      0.812      0.152      0.165      2.321      3.461     92.833    448.776    -78.684    -90.080    171.517    355.943    102.861     68.656  TILE  3  PFT  3 FRAC     0.07
  2188     1.629      0.991      0.810      0.166      0.172      2.318      3.481    175.202    557.914      1.183     -9.415    174.020    382.712    105.263     68.757  TILE  3  PFT  3 FRAC     0.07
  2189     1.547      0.980      0.801      0.163      0.171      2.279      3.429    141.726    513.124    -32.656    -43.343    174.383    371.397    104.343     70.040  TILE  3  PFT  3 FRAC     0.07
  2190     1.721      1.007      0.801      0.181      0.177      2.287      3.471    198.839    581.930     22.016     12.298    176.822    383.091    108.149     68.673  TILE  3  PFT  3 FRAC     0.08
  2191     1.583      0.990      0.799      0.172      0.178      2.304      3.472    141.703    529.946    -41.500    -52.106    183.203    388.242    111.846     71.357  TILE  3  PFT  3 FRAC     0.08
  2192     1.446      0.958      0.789      0.155      0.180      2.338      3.476    104.757    463.977    -74.441    -85.388    179.198    359.220    110.362     68.837  TILE  3  PFT  3 FRAC     0.07
  2193     1.537      0.960      0.784      0.160      0.174      2.323      3.457    150.616    522.184    -33.427    -43.583    184.043    371.567    111.442     72.601  TILE  3  PFT  3 FRAC     0.07
  2194     1.626      0.973      0.792      0.166      0.176      2.311      3.460    177.552    581.486     -3.054    -12.964    180.606    403.934    110.028     70.578  TILE  3  PFT  3 FRAC     0.07
  2195     1.659      0.998      0.797      0.178      0.188      2.343      3.529    202.363    615.326     13.236      3.327    189.127    412.963    116.794     72.333  TILE  3  PFT  3 FRAC     0.07
  2196     1.724      1.013      0.801      0.186      0.213      2.406      3.632    201.295    609.380      6.324     -3.577    194.971    408.085    121.728     73.243  TILE  3  PFT  3 FRAC     0.08
  2197     1.775      1.027      0.812      0.188      0.232      2.529      3.789    210.094    636.902      2.375     -8.279    207.719    426.808    133.725     73.994  TILE  3  PFT  3 FRAC     0.08
  2198     1.383      0.981      0.801      0.162      0.189      2.509      3.679     89.265    450.704   -119.465   -130.847    208.730    361.439    129.983     78.747  TILE  3  PFT  3 FRAC     0.08
  2199     1.707      1.007      0.808      0.178      0.189      2.540      3.735    201.724    623.956      2.519     -7.393    199.204    422.232    122.999     76.206  TILE  3  PFT  3 FRAC     0.08
  2200     1.396      0.949      0.788      0.149      0.170      2.434      3.552     78.894    431.755   -106.056   -117.616    184.950    352.860    109.644     75.306  TILE  3  PFT  3 FRAC     0.08
  2201     1.599      0.957      0.783      0.159      0.161      2.406      3.524    148.344    504.486    -30.485    -40.132    178.829    356.142    104.898     73.931  TILE  3  PFT  3 FRAC     0.08
  2202     1.597      0.967      0.784      0.166      0.171      2.405      3.542    161.293    539.718    -15.778    -25.503    177.071    378.424    103.948     73.123  TILE  3  PFT  3 FRAC     0.07
  2203     1.557      0.956      0.780      0.162      0.173      2.376      3.505    139.993    507.042    -35.095    -45.811    175.088    367.049    104.487     70.601  TILE  3  PFT  3 FRAC     0.07
  2204     1.638      0.982      0.783      0.175      0.184      2.381      3.548    195.909    578.833     15.783      5.513    180.125    382.924    109.390     70.736  TILE  3  PFT  3 FRAC     0.08
  2205     1.423      0.940      0.769      0.158      0.177      2.342      3.459     95.524    442.929    -85.232    -95.797    180.756    347.405    108.066     72.689  TILE  3  PFT  3 FRAC     0.07
  2206     1.464      0.939      0.767      0.157      0.174      2.350      3.463    145.333    516.626    -28.953    -39.241    174.286    371.293    107.005     67.280  TILE  3  PFT  3 FRAC     0.07
  2207     1.558      0.966      0.774      0.175      0.186      2.365      3.517    188.007    578.164      4.869     -4.422    183.138    390.157    111.704     71.433  TILE  3  PFT  3 FRAC     0.07
  2208     1.667      0.981      0.782      0.177      0.193      2.404      3.579    192.454    606.236     -0.538    -10.318    192.992    413.781    119.457     73.535  TILE  3  PFT  3 FRAC     0.07
  2209     1.562      0.985      0.791      0.170      0.201      2.478      3.664    157.488    555.983    -40.024    -50.523    197.512    398.495    122.758     74.754  TILE  3  PFT  3 FRAC     0.07
  2210     1.588      0.974      0.789      0.167      0.190      2.489      3.653    138.537    514.087    -57.942    -68.491    196.479    375.550    120.064     76.415  TILE  3  PFT  3 FRAC     0.07
  2211     1.728      0.999      0.789      0.182      0.206      2.505      3.709    216.021    632.036     20.215      9.982    195.806    416.015    120.848     74.958  TILE  3  PFT  3 FRAC     0.08
  2212     1.594      0.979      0.795      0.168      0.193      2.548      3.721    137.382    541.755    -69.358    -80.167    206.740    404.373    127.664     79.076  TILE  3  PFT  3 FRAC     0.08
  2213     1.809      1.017      0.807      0.186      0.202      2.510      3.730    242.421    651.748     43.711     33.452    198.710    409.327    122.662     76.048  TILE  3  PFT  3 FRAC     0.08
  2214     1.613      1.000      0.809      0.173      0.186      2.516      3.702    134.089    508.221    -61.498    -72.429    195.587    374.131    119.042     76.545  TILE  3  PFT  3 FRAC     0.08
  2215     1.609      0.994      0.812      0.167      0.176      2.493      3.662    141.476    520.919    -48.899    -59.727    190.375    379.443    114.242     76.133  TILE  3  PFT  3 FRAC     0.08
  2216     1.867      1.043      0.821      0.194      0.188      2.444      3.675    267.584    722.387     72.033     62.303    195.551    454.803    119.327     76.223  TILE  3  PFT  3 FRAC     0.08
  2217     1.761      1.067      0.844      0.196      0.198      2.481      3.746    211.551    655.887     11.024      0.333    200.526    444.336    124.534     75.993  TILE  3  PFT  3 FRAC     0.08
  2218     1.838      1.080      0.859      0.195      0.204      2.536      3.820    206.657    651.710     -0.094    -10.607    206.752    445.053    129.903     76.849  TILE  3  PFT  3 FRAC     0.08
  2219     1.502      1.045      0.853      0.177      0.193      2.522      3.759    122.750    517.290    -71.998    -84.224    194.748    394.540    119.254     75.494  TILE  3  PFT  3 FRAC     0.08
  2220     1.546      1.048      0.849      0.183      0.182      2.554      3.785    158.073    545.382    -30.676    -41.809    188.748    387.310    117.485     71.264  TILE  3  PFT  3 FRAC     0.08
  2221     1.547      1.035      0.849      0.171      0.183      2.540      3.758    144.187    558.525    -46.516    -57.995    190.703    414.338    115.263     75.440  TILE  3  PFT  3 FRAC     0.08
  2222     1.443      1.006      0.824      0.162      0.170      2.462      3.638     98.075    438.577    -84.198    -96.210    182.273    340.502    106.225     76.048  TILE  3  PFT  3 FRAC     0.08
  2223     1.700      1.024      0.821      0.179      0.177      2.456      3.657    186.859    572.136      6.938     -3.634    179.920    385.277    107.214     72.707  TILE  3  PFT  3 FRAC     0.08
  2224     1.531      1.020      0.825      0.178      0.175      2.371      3.566    147.284    527.951    -33.980    -45.218    181.265    380.666    106.890     74.375  TILE  3  PFT  3 FRAC     0.08
  2225     1.575      1.006      0.823      0.168      0.175      2.368      3.549    140.415    528.862    -38.068    -49.595    178.484    388.446    109.043     69.441  TILE  3  PFT  3 FRAC     0.08
  2226     1.624      1.014      0.829      0.171      0.174      2.375      3.562    164.537    563.677    -18.874    -29.298    183.411    399.140    110.635     72.776  TILE  3  PFT  3 FRAC     0.08
  2227     1.386      0.972      0.809      0.152      0.165      2.322      3.459     94.113    449.162    -77.218    -88.552    171.331    355.049    102.685     68.646  TILE  3  PFT  3 FRAC     0.07
  2228     1.625      0.984      0.804      0.164      0.172      2.317      3.473    171.402    554.664     -2.703    -13.241    174.105    383.262    105.257     68.848  TILE  3  PFT  3 FRAC     0.07
  2229     1.536      0.972      0.795      0.161      0.169      2.275      3.417    139.206    509.224    -34.976    -45.500    174.183    370.018    104.061     70.122  TILE  3  PFT  3 FRAC     0.07
  2230     1.723      0.998      0.794      0.179      0.177      2.278      3.453    200.018    582.545     24.013     14.435    176.005    382.527    107.509     68.495  TILE  3  PFT  3 FRAC     0.07
  2231     1.587      0.981      0.792      0.171      0.178      2.293      3.452    142.735    530.479    -39.914    -50.368    182.649    387.744    111.576     71.073  TILE  3  PFT  3 FRAC     0.07
  2232     1.447      0.949      0.782      0.154      0.179      2.327      3.455    105.619    463.361    -72.886    -83.648    178.505    357.742    109.996     68.509  TILE  3  PFT  3 FRAC     0.07
  2233     1.539      0.959      0.783      0.161      0.174      2.316      3.449    157.217    523.855    -26.204    -36.244    183.420    366.638    111.172     72.248  TILE  3  PFT  3 FRAC     0.07
  2234     1.623      0.971      0.790      0.166      0.176      2.305      3.452    176.943    581.182     -3.406    -13.271    180.349    404.239    109.961     70.388  TILE  3  PFT  3 FRAC     0.07
  2235     1.660      0.997      0.797      0.177      0.188      2.337      3.522    202.543    615.257     13.743      3.864    188.800    412.714    116.653     72.147  TILE  3  PFT  3 FRAC     0.07
  2236     1.726      1.013      0.801      0.186      0.213      2.403      3.629    202.551    610.289      7.632     -2.265    194.919    407.738    121.822     73.098  TILE  3  PFT  3 FRAC     0.08
  2237     1.782      1.026      0.811      0.188      0.232      2.523      3.782    211.755    639.549      4.109     -6.545    207.646    427.794    133.789     73.858  TILE  3  PFT  3 FRAC     0.08
  2238     1.393      0.981      0.801      0.163      0.189      2.505      3.675     90.356    452.758   -118.178   -129.561    208.533    362.403    129.982     78.551  TILE  3  PFT  3 FRAC     0.08
  2239     1.707      1.007      0.809      0.178      0.188      2.536      3.731    202.025    624.915      2.851     -7.050    199.174    422.890    123.064     76.109  TILE  3  PFT  3 FRAC     0.08
  2240     1.383      0.950      0.788      0.150      0.169      2.431      3.550     76.978    428.840   -107.655   -119.201    184.633    351.862    109.376     75.257  TILE  3  PFT  3 FRAC     0.08
  2241     1.599      0.956      0.782      0.160      0.161      2.400      3.517    148.857    505.111    -29.578    -39.220    178.435    356.253    104.614     73.821  TILE  3  PFT  3 FRAC     0.08
  2242     1.598      0.967      0.783      0.166      0.171      2.398      3.536    161.421    539.998    -15.263    -24.975    176.684    378.578    103.756     72.928  TILE  3  PFT  3 FRAC     0.07
  2243     1.557      0.956      0.780      0.162      0.173      2.371      3.500    139.801    506.810    -35.051    -45.763    174.852    367.010    104.415     70.437  TILE  3  PFT  3 FRAC     0.07
  2244     1.635      0.983      0.784      0.175      0.184      2.378      3.545    196.567    579.413     16.585      6.319    179.982    382.846    109.370     70.612  TILE  3  PFT  3 FRAC     0.07
  2245     1.422      0.940      0.770      0.158      0.177      2.338      3.456     95.377    442.828    -85.220    -95.801    180.597    347.451    108.008     72.589  TILE  3  PFT  3 FRAC     0.07
  2246     1.462      0.939      0.768      0.157      0.174      2.346      3.459    144.328    515.895    -29.775    -40.069    174.103    371.568    106.913     67.190  TILE  3  PFT  3 FRAC     0.07
  2247     1.561      0.966      0.774      0.175      0.185      2.360      3.511    188.196    578.374      5.273     -4.024    182.923    390.179    111.589     71.335  TILE  3  PFT  3 FRAC     0.07
  2248     1.666      0.980      0.781      0.176      0.193      2.395      3.567    192.610    606.170      0.046     -9.731    192.564    413.560    119.225     73.339  TILE  3  PFT  3 FRAC     0.07
  2249     1.554      0.984      0.790      0.169      0.200      2.470      3.655    156.186    553.857    -40.631    -51.095    196.817    397.671    122.315     74.501  TILE  3  PFT  3 FRAC     0.07
  2250     1.591      0.973      0.788      0.167      0.190      2.480      3.643    139.077    514.590    -56.791    -67.311    195.868    375.513    119.701     76.166  TILE  3  PFT  3 FRAC     0.07
  2251     1.733      0.996      0.787      0.182      0.205      2.492      3.693    217.703    634.223     22.426     12.218    195.277    416.521    120.639     74.638  TILE  3  PFT  3 FRAC     0.08
  2252     1.594      0.977      0.793      0.168      0.193      2.537      3.708    137.514    541.848    -68.606    -79.367    206.121    404.334    127.444     78.677  TILE  3  PFT  3 FRAC     0.08
  2253     1.801      1.020      0.809      0.186      0.203      2.514      3.737    240.774    649.508     42.381     32.155    198.393    408.734    122.553     75.840  TILE  3  PFT  3 FRAC     0.08
  2254     1.613      1.002      0.811      0.173      0.186      2.520      3.707    132.846    507.303    -63.040    -74.009    195.886    374.457    119.189     76.696  TILE  3  PFT  3 FRAC     0.08
  2255     1.608      0.992      0.810      0.167      0.175      2.489      3.656    140.834    520.655    -49.620    -60.470    190.454    379.821    114.236     76.218  TILE  3  PFT  3 FRAC     0.08
  2256     1.865      1.041      0.820      0.193      0.188      2.437      3.666    268.718    723.153     73.515     63.809    195.203    454.435    119.133     76.069  TILE  3  PFT  3 FRAC     0.08
  2257     1.762      1.067      0.844      0.197      0.198      2.480      3.745    212.333    656.908     12.097      1.426    200.236    444.575    124.438     75.798  TILE  3  PFT  3 FRAC     0.08
  2258     1.847      1.077      0.856      0.195      0.204      2.528      3.810    207.322    653.139      0.522     -9.989    206.800    445.817    130.037     76.763  TILE  3  PFT  3 FRAC     0.08
  2259     1.505      1.042      0.851      0.177      0.193      2.516      3.751    123.329    517.799    -71.276    -83.478    194.606    394.470    119.306     75.300  TILE  3  PFT  3 FRAC     0.08
  2260     1.548      1.046      0.847      0.182      0.182      2.548      3.777    158.528    545.641    -30.081    -41.192    188.609    387.114    117.475     71.133  TILE  3  PFT  3 FRAC     0.08
  2261     1.558      1.035      0.849      0.172      0.184      2.533      3.752    147.700    563.950    -42.649    -54.106    190.350    416.250    115.163     75.186  TILE  3  PFT  3 FRAC     0.08
  2262     1.443      1.006      0.825      0.162      0.170      2.459      3.635     97.895    438.255    -84.321    -96.332    182.216    340.360    106.338     75.878  TILE  3  PFT  3 FRAC     0.08
  2263     1.700      1.023      0.821      0.178      0.177      2.451      3.650    186.856    571.737      6.988     -3.586    179.868    384.881    107.235     72.633  TILE  3  PFT  3 FRAC     0.08
  2264     1.533      1.020      0.825      0.178      0.175      2.366      3.561    148.596    529.041    -32.331    -43.555    180.927    380.445    106.740     74.187  TILE  3  PFT  3 FRAC     0.08
  2265     1.570      1.005      0.822      0.168      0.175      2.362      3.542    139.897    527.824    -38.447    -49.972    178.344    387.927    109.031     69.313  TILE  3  PFT  3 FRAC     0.08
  2266     1.626      1.011      0.826      0.170      0.174      2.370      3.555    162.928    563.062    -20.254    -30.653    183.182    400.134    110.550     72.632  TILE  3  PFT  3 FRAC     0.08
  2267     1.403      0.969      0.805      0.152      0.165      2.315      3.449     96.616    452.975    -74.474    -85.769    171.089    356.360    102.690     68.399  TILE  3  PFT  3 FRAC     0.07
  2268     1.631      0.980      0.800      0.164      0.172      2.311      3.463    172.150    556.149     -1.929    -12.398    174.079    383.999    105.436     68.643  TILE  3  PFT  3 FRAC     0.07
  2269     1.542      0.971      0.793      0.162      0.170      2.272      3.413    142.437    511.794    -31.731    -42.197    174.169    369.357    104.217     69.952  TILE  3  PFT  3 FRAC     0.07
  2270     1.723      0.998      0.793      0.180      0.177      2.278      3.453    199.874    582.441     23.750     14.198    176.124    382.566    107.675     68.449  TILE  3  PFT  3 FRAC     0.08
  2271     1.587      0.982      0.792      0.171      0.178      2.295      3.454    142.699    530.694    -39.962    -50.398    182.661    387.995    111.592     71.069  TILE  3  PFT  3 FRAC     0.08
  2272     1.451      0.950      0.783      0.154      0.180      2.329      3.459    106.229    465.009    -72.446    -83.216    178.675    358.780    110.112     68.563  TILE  3  PFT  3 FRAC     0.07
  2273     1.559      0.954      0.777      0.160      0.175      2.309      3.438    155.539    528.528    -28.071    -38.087    183.610    372.988    111.381     72.229  TILE  3  PFT  3 FRAC     0.07
  2274     1.620      0.966      0.785      0.165      0.176      2.303      3.445    176.182    579.901     -4.281    -14.042    180.463    403.718    110.153     70.311  TILE  3  PFT  3 FRAC     0.07
  2275     1.661      0.992      0.792      0.177      0.188      2.336      3.517    202.500    614.644     13.852      4.067    188.647    412.144    116.521     72.126  TILE  3  PFT  3 FRAC     0.07
  2276     1.727      1.007      0.796      0.184      0.212      2.396      3.615    202.495    609.782      7.838     -1.970    194.656    407.288    121.609     73.047  TILE  3  PFT  3 FRAC     0.08
  2277     1.760      1.022      0.808      0.187      0.231      2.525      3.778    207.464    631.478      0.311    -10.260    207.153    424.013    133.324     73.829  TILE  3  PFT  3 FRAC     0.08
  2278     1.391      0.977      0.798      0.162      0.188      2.502      3.668     90.400    452.176   -117.413   -128.743    207.813    361.776    129.274     78.539  TILE  3  PFT  3 FRAC     0.08
  2279     1.706      1.004      0.806      0.178      0.188      2.534      3.726    201.788    623.465      3.026     -6.831    198.762    421.677    122.725     76.038  TILE  3  PFT  3 FRAC     0.08
  2280     1.393      0.947      0.786      0.150      0.169      2.428      3.544     78.869    431.054   -105.613   -117.121    184.482    352.185    109.328     75.154  TILE  3  PFT  3 FRAC     0.08
  2281     1.599      0.954      0.780      0.159      0.161      2.398      3.513    148.508    504.671    -29.936    -39.524    178.444    356.163    104.689     73.754  TILE  3  PFT  3 FRAC     0.08
  2282     1.599      0.965      0.781      0.166      0.171      2.398      3.533    161.667    540.076    -14.975    -24.636    176.642    378.410    103.746     72.896  TILE  3  PFT  3 FRAC     0.08
  2283     1.566      0.955      0.778      0.162      0.174      2.369      3.497    142.074    509.493    -32.654    -43.317    174.729    367.419    104.372     70.357  TILE  3  PFT  3 FRAC     0.08
  2284     1.643      0.981      0.782      0.175      0.185      2.376      3.542    196.853    580.322     16.782      6.536    180.072    383.469    109.525     70.547  TILE  3  PFT  3 FRAC     0.08
  2285     1.424      0.939      0.769      0.157      0.178      2.339      3.455     95.851    443.358    -84.954    -95.506    180.804    347.507    108.248     72.556  TILE  3  PFT  3 FRAC     0.07
  2286     1.464      0.938      0.766      0.157      0.174      2.348      3.460    144.950    516.549    -29.246    -39.517    174.196    371.599    107.012     67.184  TILE  3  PFT  3 FRAC     0.07
  2287     1.568      0.965      0.774      0.175      0.186      2.362      3.514    189.177    580.038      6.053     -3.224    183.124    390.861    111.767     71.357  TILE  3  PFT  3 FRAC     0.07
  2288     1.666      0.981      0.782      0.176      0.193      2.403      3.577    192.212    605.279     -0.694    -10.476    192.906    413.067    119.467     73.439  TILE  3  PFT  3 FRAC     0.08
  2289     1.555      0.985      0.791      0.169      0.201      2.479      3.665    156.268    553.885    -41.117    -51.613    197.385    397.617    122.638     74.747  TILE  3  PFT  3 FRAC     0.07
  2290     1.590      0.975      0.790      0.167      0.190      2.489      3.654    138.881    514.469    -57.473    -68.022    196.355    375.588    119.931     76.423  TILE  3  PFT  3 FRAC     0.07
  2291     1.722      1.003      0.793      0.183      0.206      2.513      3.721    216.253    631.904     20.536     10.286    195.717    415.651    120.759     74.958  TILE  3  PFT  3 FRAC     0.08
  2292     1.601      0.983      0.798      0.168      0.194      2.553      3.730    137.155    542.531    -69.903    -80.781    207.058    405.376    127.789     79.269  TILE  3  PFT  3 FRAC     0.08
  2293     1.809      1.025      0.813      0.187      0.203      2.525      3.754    241.922    651.746     42.750     32.425    199.172    409.824    122.918     76.254  TILE  3  PFT  3 FRAC     0.08
  2294     1.614      1.007      0.815      0.173      0.186      2.530      3.723    132.527    507.718    -64.111    -75.156    196.637    375.191    119.594     77.043  TILE  3  PFT  3 FRAC     0.08
  2295     1.608      1.000      0.816      0.168      0.176      2.499      3.674    143.216    521.408    -47.876    -58.818    191.092    378.192    114.577     76.515  TILE  3  PFT  3 FRAC     0.08
  2296     1.860      1.049      0.827      0.194      0.188      2.454      3.691    264.057    719.983     68.262     58.476    195.795    455.926    119.332     76.462  TILE  3  PFT  3 FRAC     0.08
  2297     1.758      1.075      0.851      0.197      0.198      2.494      3.767    211.918    656.099     10.940      0.194    200.978    444.181    124.683     76.295  TILE  3  PFT  3 FRAC     0.08
  2298     1.842      1.084      0.862      0.195      0.204      2.540      3.827    206.252    651.762     -0.997    -11.577    207.249    445.509    130.158     77.091  TILE  3  PFT  3 FRAC     0.08
  2299     1.493      1.047      0.857      0.176      0.192      2.528      3.767    120.262    513.924    -74.643    -86.909    194.905    393.662    119.333     75.572  TILE  3  PFT  3 FRAC     0.08
  2300     1.546      1.051      0.852      0.182      0.182      2.557      3.791    158.086    545.165    -30.730    -41.886    188.816    387.079    117.381     71.435  TILE  3  PFT  3 FRAC     0.08
