  1901     2.853      0.487      0.240      0.096      0.133      0.051      0.671    615.465    887.013    601.689    601.689     13.777    271.548     13.192      0.584  TILE  6  PFT  6 FRAC     0.25
  1902     4.461      0.093      0.032      0.017      0.979      1.448      2.520    977.897   1640.498    570.669    570.669    407.228    662.601    381.531     25.696  TILE  6  PFT  6 FRAC     0.25
  1903     4.453      0.670      0.376      0.132      0.887      2.582      4.138   1105.117   1678.869    570.578    570.578    534.539    573.752    453.291     81.248  TILE  6  PFT  6 FRAC     0.25
  1904     2.768      0.335      0.149      0.071      0.883      4.050      5.268    468.494    680.819   -258.411   -258.411    726.904    212.325    609.069    117.836  TILE  6  PFT  6 FRAC     0.25
  1905     4.435      0.022      0.008      0.004      1.554      5.360      6.936   1009.150   1637.743    197.751    197.751    811.398    628.593    642.293    169.105  TILE  6  PFT  6 FRAC     0.25
  1906     3.202      0.577      0.293      0.115      1.078      5.919      7.575    712.833   1053.546   -259.351   -259.351    972.185    340.713    685.807    286.377  TILE  6  PFT  6 FRAC     0.25
  1907     4.466      0.077      0.030      0.014      1.436      7.310      8.824    877.523   1478.134   -173.415   -173.415   1050.938    600.611    808.009    242.929  TILE  6  PFT  6 FRAC     0.25
  1908     3.641      0.695      0.365      0.138      0.903      7.236      8.835    801.930   1204.795   -137.697   -137.697    939.627    402.865    614.272    325.355  TILE  6  PFT  6 FRAC     0.25
  1909     4.467      0.336      0.155      0.066      1.140      8.325      9.801    912.033   1433.334   -127.371   -127.371   1039.403    521.302    775.310    264.093  TILE  6  PFT  6 FRAC     0.25
  1910     4.470      0.054      0.017      0.009      1.479      8.924     10.457   1039.232   1675.976    -24.279    -24.279   1063.512    636.744    751.107    312.405  TILE  6  PFT  6 FRAC     0.25
  1911     3.613      0.679      0.354      0.134      0.813      7.847      9.339    801.923   1204.560   -260.249   -260.249   1062.172    402.637    639.721    422.450  TILE  6  PFT  6 FRAC     0.25
  1912     4.459      0.317      0.144      0.063      1.043      8.761     10.121    841.596   1254.846   -181.641   -181.641   1023.237    413.250    743.764    279.473  TILE  6  PFT  6 FRAC     0.25
  1913     4.425      0.032      0.008      0.004      1.432      8.862     10.326   1002.102   1617.113    -27.346    -27.346   1029.448    615.011    690.379    339.069  TILE  6  PFT  6 FRAC     0.25
  1914     3.362      0.621      0.320      0.123      0.774      7.661      9.056    749.139   1108.668   -301.050   -301.050   1050.189    359.529    620.945    429.244  TILE  6  PFT  6 FRAC     0.25
  1915     4.448      0.243      0.104      0.048      1.123      8.705     10.071   1010.631   1674.426    -66.639    -66.639   1077.270    663.796    786.658    290.611  TILE  6  PFT  6 FRAC     0.25
  1916     4.456      0.026      0.007      0.004      1.548      8.833     10.407   1048.504   1678.049     51.308     51.308    997.196    629.545    669.436    327.761  TILE  6  PFT  6 FRAC     0.25
  1917     3.471      0.646      0.338      0.125      0.878      8.000      9.524    764.688   1101.287   -354.036   -354.036   1118.724    336.598    684.389    434.335  TILE  6  PFT  6 FRAC     0.25
  1918     4.453      0.155      0.060      0.030      1.291      8.609     10.054    880.963   1482.068    -95.332    -95.332    976.294    601.105    708.725    267.569  TILE  6  PFT  6 FRAC     0.25
  1919     4.459      0.018      0.004      0.002      1.709      8.681     10.409   1113.048   1741.435    118.481    118.481    994.566    628.387    662.169    332.398  TILE  6  PFT  6 FRAC     0.25
  1920     2.812      0.482      0.237      0.096      0.901      7.510      8.893    606.414    906.337   -509.584   -509.584   1115.998    299.923    687.673    428.324  TILE  6  PFT  6 FRAC     0.25
  1921     4.434      0.045      0.018      0.007      1.292      8.078      9.415    904.275   1538.102    -99.330    -99.330   1003.606    633.826    709.211    294.395  TILE  6  PFT  6 FRAC     0.25
  1922     3.560      0.675      0.354      0.134      0.720      7.051      8.446    799.595   1177.431   -146.620   -146.620    946.215    377.837    558.947    387.268  TILE  6  PFT  6 FRAC     0.25
  1923     4.461      0.156      0.061      0.029      1.173      8.031      9.360    896.116   1543.969    -48.598    -48.598    944.714    647.853    704.409    240.304  TILE  6  PFT  6 FRAC     0.25
  1924     4.471      0.004      0.001      0.001      1.688      7.982      9.674   1095.942   1727.693    259.646    259.646    836.296    631.751    554.322    281.974  TILE  6  PFT  6 FRAC     0.25
  1925     2.733      0.464      0.226      0.093      0.887      7.928      9.279    586.089    851.665   -413.418   -413.418    999.507    265.576    675.253    324.255  TILE  6  PFT  6 FRAC     0.25
  1926     4.441      0.067      0.025      0.012      1.301      8.447      9.815    985.772   1627.660    -13.462    -13.462    999.234    641.888    714.691    284.543  TILE  6  PFT  6 FRAC     0.25
  1927     3.606      0.685      0.358      0.136      0.716      7.170      8.571    789.567   1177.648   -187.997   -187.997    977.564    388.082    573.411    404.154  TILE  6  PFT  6 FRAC     0.25
  1928     4.459      0.415      0.199      0.082      0.933      7.951      9.299    947.578   1393.034    -87.200    -87.200   1034.778    445.457    752.735    282.043  TILE  6  PFT  6 FRAC     0.25
  1929     4.482      0.090      0.031      0.016      1.305      8.455      9.850   1047.331   1692.963    -15.478    -15.478   1062.810    645.632    755.774    307.035  TILE  6  PFT  6 FRAC     0.25
  1930     4.072      0.810      0.437      0.158      0.783      7.719      9.312    941.127   1440.357     18.156     18.156    922.972    499.230    575.567    347.405  TILE  6  PFT  6 FRAC     0.25
  1931     4.455      0.449      0.217      0.089      0.934      8.433      9.815    776.538   1102.065   -282.374   -282.374   1058.912    325.527    762.248    296.664  TILE  6  PFT  6 FRAC     0.25
  1932     4.422      0.077      0.029      0.014      1.273      8.840     10.190    978.746   1609.978   -108.610   -108.610   1087.355    631.233    766.475    320.880  TILE  6  PFT  6 FRAC     0.25
  1933     3.795      0.735      0.392      0.142      0.724      7.548      9.007    835.403   1251.665   -127.153   -127.153    962.556    416.262    563.711    398.846  TILE  6  PFT  6 FRAC     0.25
  1934     4.444      0.405      0.191      0.081      0.923      8.131      9.459    843.852   1213.653   -148.716   -148.716    992.568    369.801    716.011    276.557  TILE  6  PFT  6 FRAC     0.25
  1935     4.438      0.047      0.018      0.008      1.274      8.358      9.679    975.656   1597.006    -48.810    -48.810   1024.465    621.351    717.520    306.946  TILE  6  PFT  6 FRAC     0.25
  1936     3.738      0.716      0.382      0.137      0.666      7.084      8.465    838.655   1252.959   -138.345   -138.345    977.000    414.304    578.376    398.624  TILE  6  PFT  6 FRAC     0.25
  1937     4.470      0.513      0.257      0.101      0.886      7.757      9.156   1002.078   1431.447      0.942      0.942   1001.136    429.369    728.226    272.910  TILE  6  PFT  6 FRAC     0.25
  1938     4.434      0.158      0.062      0.030      1.195      8.559      9.911   1021.196   1662.342    -59.573    -59.573   1080.769    641.146    792.236    288.533  TILE  6  PFT  6 FRAC     0.25
  1939     4.465      0.000      0.000      0.000      1.719      8.224      9.944   1101.180   1726.712    262.991    262.991    838.189    625.532    551.913    286.276  TILE  6  PFT  6 FRAC     0.25
  1940     2.316      0.364      0.165      0.076      0.839      8.250      9.452    457.976    666.879   -550.116   -550.116   1008.092    208.902    695.158    312.934  TILE  6  PFT  6 FRAC     0.25
  1941     4.456      0.046      0.017      0.008      1.279      8.356      9.681   1048.387   1683.925     70.088     70.088    978.300    635.538    679.611    298.688  TILE  6  PFT  6 FRAC     0.25
  1942     3.158      0.564      0.285      0.112      0.707      6.727      7.997    664.406    976.243   -260.417   -260.417    924.823    311.837    524.881    399.942  TILE  6  PFT  6 FRAC     0.25
  1943     4.463      0.167      0.067      0.032      1.124      7.621      8.912   1009.034   1658.527     39.162     39.162    969.871    649.494    723.522    246.349  TILE  6  PFT  6 FRAC     0.25
  1944     4.470      0.003      0.001      0.000      1.746      7.563      9.312   1134.407   1776.276    394.914    394.914    739.494    641.869    503.962    235.532  TILE  6  PFT  6 FRAC     0.25
  1945     2.805      0.477      0.235      0.094      0.883      7.960      9.320    598.419    861.053   -378.719   -378.719    977.138    262.634    701.368    275.769  TILE  6  PFT  6 FRAC     0.25
  1946     4.431      0.074      0.025      0.011      1.271      8.129      9.474    942.360   1563.375    -58.052    -58.052   1000.412    621.015    697.838    302.575  TILE  6  PFT  6 FRAC     0.25
  1947     3.704      0.713      0.373      0.146      0.787      7.287      8.787    867.434   1339.360     35.035     35.035    832.399    471.926    518.190    314.209  TILE  6  PFT  6 FRAC     0.25
  1948     4.456      0.208      0.086      0.040      1.149      8.147      9.504    896.775   1533.415   -112.034   -112.034   1008.809    636.640    752.167    256.642  TILE  6  PFT  6 FRAC     0.25
  1949     4.457      0.008      0.001      0.001      1.601      7.761      9.369   1047.676   1660.331    165.704    165.704    881.971    612.656    581.685    300.286  TILE  6  PFT  6 FRAC     0.25
  1950     3.245      0.592      0.303      0.118      0.776      7.007      8.374    716.415   1010.568   -365.084   -365.084   1081.499    294.152    693.036    388.463  TILE  6  PFT  6 FRAC     0.25
  1951     4.486      0.226      0.095      0.045      1.146      7.827      9.199   1032.573   1690.009     27.465     27.465   1005.108    657.436    747.806    257.302  TILE  6  PFT  6 FRAC     0.25
  1952     4.492      0.010      0.002      0.001      1.664      7.708      9.382   1066.220   1722.030    213.074    213.074    853.146    655.809    577.609    275.537  TILE  6  PFT  6 FRAC     0.25
  1953     2.939      0.511      0.254      0.102      0.827      7.023      8.361    638.636    927.914   -448.761   -448.761   1087.397    289.278    704.495    382.903  TILE  6  PFT  6 FRAC     0.25
  1954     4.447      0.087      0.031      0.016      1.208      7.578      8.873    949.884   1573.967    -42.852    -42.852    992.735    624.083    721.567    271.169  TILE  6  PFT  6 FRAC     0.25
  1955     4.258      0.868      0.476      0.166      0.710      7.084      8.663   1016.029   1563.540    151.853    151.853    864.176    547.511    557.626    306.550  TILE  6  PFT  6 FRAC     0.25
  1956     4.470      0.540      0.270      0.108      0.892      7.700      9.132    818.608   1159.325   -185.686   -185.686   1004.294    340.717    729.115    275.179  TILE  6  PFT  6 FRAC     0.25
  1957     4.446      0.233      0.099      0.045      1.205      8.674     10.112   1072.508   1710.841    -15.874    -15.874   1088.382    638.333    811.450    276.931  TILE  6  PFT  6 FRAC     0.25
  1958     4.466      0.015      0.003      0.002      1.703      8.482     10.200   1056.164   1680.007    209.689    209.689    846.475    623.843    574.176    272.299  TILE  6  PFT  6 FRAC     0.25
  1959     3.296      0.605      0.311      0.120      0.844      8.035      9.483    734.435   1063.944   -379.360   -379.360   1113.795    329.509    735.597    378.199  TILE  6  PFT  6 FRAC     0.25
  1960     4.451      0.105      0.040      0.019      1.274      8.537      9.916    874.780   1485.838    -52.393    -52.393    927.174    611.058    678.588    248.586  TILE  6  PFT  6 FRAC     0.25
  1961     4.017      0.801      0.432      0.158      0.729      7.688      9.218    916.573   1404.762     13.844     13.844    902.729    488.189    562.020    340.709  TILE  6  PFT  6 FRAC     0.25
  1962     4.463      0.391      0.185      0.078      0.888      8.078      9.357    753.182   1076.481   -262.943   -262.943   1016.125    323.299    724.102    292.023  TILE  6  PFT  6 FRAC     0.25
  1963     4.413      0.025      0.010      0.004      1.347      8.078      9.450    957.834   1591.195     39.882     39.882    917.952    633.361    632.359    285.593  TILE  6  PFT  6 FRAC     0.25
  1964     3.317      0.607      0.313      0.119      0.717      6.636      7.961    721.749   1037.053   -248.103   -248.103    969.852    315.303    568.434    401.418  TILE  6  PFT  6 FRAC     0.25
  1965     4.479      0.162      0.062      0.032      1.154      7.411      8.727    945.986   1572.942     13.004     13.004    932.982    626.956    696.870    236.113  TILE  6  PFT  6 FRAC     0.25
  1966     4.477      0.000      0.000      0.000      1.673      7.484      9.157   1103.464   1747.747    304.417    304.417    799.047    644.283    555.042    244.005  TILE  6  PFT  6 FRAC     0.25
  1967     2.386      0.383      0.179      0.079      0.783      7.091      8.257    475.480    685.535   -592.948   -592.948   1068.428    210.054    710.191    358.238  TILE  6  PFT  6 FRAC     0.25
  1968     4.478      0.076      0.026      0.012      1.228      7.452      8.756   1044.522   1696.758     87.010     87.010    957.512    652.236    680.843    276.668  TILE  6  PFT  6 FRAC     0.25
  1969     4.469      0.930      0.511      0.183      0.789      7.135      8.854   1123.460   1713.586    286.956    286.956    836.504    590.126    550.876    285.628  TILE  6  PFT  6 FRAC     0.25
  1970     4.446      0.378      0.179      0.074      0.863      7.622      8.863    540.914    780.833   -481.187   -481.187   1022.100    239.919    737.591    284.510  TILE  6  PFT  6 FRAC     0.25
  1971     4.460      0.056      0.018      0.009      1.310      7.918      9.284   1006.560   1660.014     60.462     60.462    946.098    653.454    667.415    278.683  TILE  6  PFT  6 FRAC     0.25
  1972     3.445      0.643      0.336      0.127      0.724      6.710      8.077    755.422   1138.773   -185.056   -185.056    940.478    383.351    563.860    376.619  TILE  6  PFT  6 FRAC     0.25
  1973     4.483      0.249      0.108      0.049      1.121      7.722      9.092   1006.663   1644.260     23.637     23.637    983.026    637.596    744.466    238.560  TILE  6  PFT  6 FRAC     0.25
  1974     4.476      0.029      0.008      0.005      1.574      7.676      9.279   1068.351   1703.736    166.489    166.489    901.862    635.385    616.995    284.867  TILE  6  PFT  6 FRAC     0.25
  1975     3.295      0.601      0.309      0.118      0.813      6.861      8.276    726.356   1065.352   -311.097   -311.097   1037.453    338.996    661.404    376.049  TILE  6  PFT  6 FRAC     0.25
  1976     4.451      0.313      0.140      0.064      1.131      7.876      9.320   1099.655   1761.822     58.096     58.096   1041.559    662.167    784.376    257.183  TILE  6  PFT  6 FRAC     0.25
  1977     4.475      0.040      0.015      0.006      1.392      8.356      9.788   1048.179   1676.589    -39.621    -39.621   1087.799    628.411    781.268    306.531  TILE  6  PFT  6 FRAC     0.25
  1978     3.662      0.702      0.374      0.136      0.733      7.093      8.528    826.847   1208.542   -201.318   -201.318   1028.165    381.695    620.301    407.864  TILE  6  PFT  6 FRAC     0.25
  1979     4.464      0.355      0.164      0.071      0.983      7.704      9.042    877.793   1328.251    -80.601    -80.601    958.395    450.458    704.133    254.262  TILE  6  PFT  6 FRAC     0.25
  1980     4.453      0.066      0.020      0.012      1.380      7.895      9.340   1035.063   1667.264     74.426     74.426    960.637    632.201    676.477    284.160  TILE  6  PFT  6 FRAC     0.25
  1981     4.137      0.837      0.451      0.168      0.822      7.419      9.079   1013.458   1536.573    108.646    108.646    904.812    523.115    591.507    313.304  TILE  6  PFT  6 FRAC     0.25
  1982     4.462      0.304      0.137      0.061      0.929      7.901      9.134    590.681    863.199   -408.929   -408.929    999.610    272.518    724.555    275.055  TILE  6  PFT  6 FRAC     0.25
  1983     4.447      0.028      0.010      0.005      1.332      7.972      9.332   1024.683   1653.167     70.467     70.467    954.215    628.484    659.230    294.985  TILE  6  PFT  6 FRAC     0.25
  1984     3.332      0.612      0.315      0.121      0.717      6.436      7.765    732.205   1053.717   -214.461   -214.461    946.667    321.511    551.575    395.092  TILE  6  PFT  6 FRAC     0.25
  1985     4.424      0.193      0.079      0.037      1.133      7.389      8.714    963.695   1603.292     41.042     41.042    922.654    639.596    701.878    220.776  TILE  6  PFT  6 FRAC     0.25
  1986     4.484      0.008      0.001      0.001      1.621      7.395      9.023   1059.119   1677.978    242.362    242.362    816.758    618.859    560.279    256.479  TILE  6  PFT  6 FRAC     0.25
  1987     2.670      0.446      0.215      0.090      0.866      6.903      8.215    575.487    846.875   -385.790   -385.790    961.277    271.388    633.964    327.313  TILE  6  PFT  6 FRAC     0.25
  1988     4.413      0.045      0.018      0.007      1.245      7.371      8.661    927.203   1544.157    -26.918    -26.918    954.121    616.954    689.437    264.683  TILE  6  PFT  6 FRAC     0.25
  1989     3.357      0.616      0.318      0.122      0.710      6.187      7.513    739.708   1100.207   -120.530   -120.530    860.238    360.499    513.013    347.224  TILE  6  PFT  6 FRAC     0.25
  1990     4.462      0.222      0.092      0.044      1.115      7.189      8.526    993.369   1638.240     44.341     44.341    949.028    644.871    720.062    228.966  TILE  6  PFT  6 FRAC     0.25
  1991     4.484      0.028      0.007      0.005      1.548      7.288      8.864   1094.111   1736.940    181.279    181.279    912.832    642.829    634.501    278.331  TILE  6  PFT  6 FRAC     0.25
  1992     3.046      0.539      0.270      0.108      0.840      6.573      7.952    662.600    990.391   -320.452   -320.452    983.052    327.791    630.675    352.377  TILE  6  PFT  6 FRAC     0.25
  1993     4.438      0.095      0.033      0.017      1.199      7.287      8.581    929.549   1552.059    -65.743    -65.743    995.293    622.509    736.014    259.279  TILE  6  PFT  6 FRAC     0.25
  1994     4.070      0.810      0.437      0.159      0.724      6.727      8.261    939.633   1437.990    123.875    123.875    815.758    498.356    522.598    293.160  TILE  6  PFT  6 FRAC     0.25
  1995     4.458      0.417      0.200      0.083      0.852      7.373      8.642    751.340   1071.438   -267.805   -267.805   1019.145    320.098    744.648    274.497  TILE  6  PFT  6 FRAC     0.25
  1996     4.428      0.101      0.035      0.019      1.258      7.897      9.256   1024.622   1664.403     35.978     35.978    988.644    639.780    712.381    276.264  TILE  6  PFT  6 FRAC     0.25
  1997     4.395      0.911      0.504      0.174      0.776      7.371      9.058   1048.548   1593.211    159.553    159.553    888.996    544.662    570.396    318.600  TILE  6  PFT  6 FRAC     0.25
  1998     4.457      0.267      0.114      0.056      0.929      7.668      8.863    455.416    676.164   -485.338   -485.338    940.753    220.749    674.155    266.598  TILE  6  PFT  6 FRAC     0.25
  1999     4.446      0.050      0.016      0.008      1.332      7.775      9.157   1086.427   1721.573    122.019    122.019    964.408    635.146    669.501    294.907  TILE  6  PFT  6 FRAC     0.25
  2000     3.150      0.565      0.286      0.113      0.753      6.548      7.865    687.637   1062.770   -214.501   -214.501    902.138    375.134    543.506    358.632  TILE  6  PFT  6 FRAC     0.25
  2001     4.455      0.076      0.028      0.013      1.178      7.123      8.376    889.754   1529.715    -55.483    -55.483    945.237    639.961    689.140    256.097  TILE  6  PFT  6 FRAC     0.25
  2002     3.853      0.753      0.400      0.149      0.694      6.532      7.978    877.262   1326.295     70.292     70.292    806.971    449.032    510.783    296.188  TILE  6  PFT  6 FRAC     0.25
  2003     4.470      0.305      0.138      0.060      0.913      7.292      8.511    722.162   1071.977   -196.871   -196.871    919.034    349.815    685.041    233.993  TILE  6  PFT  6 FRAC     0.25
  2004     4.480      0.043      0.012      0.007      1.437      7.376      8.856   1057.646   1727.093    197.184    197.184    860.462    669.447    595.206    265.256  TILE  6  PFT  6 FRAC     0.25
  2005     3.272      0.592      0.300      0.119      0.801      6.447      7.840    713.160   1062.674   -226.569   -226.569    939.729    349.514    586.450    353.279  TILE  6  PFT  6 FRAC     0.25
  2006     4.452      0.169      0.067      0.032      1.186      7.488      8.843    969.816   1616.082     18.016     18.016    951.800    646.266    728.712    223.088  TILE  6  PFT  6 FRAC     0.25
  2007     4.444      0.006      0.001      0.001      1.660      7.400      9.066   1069.051   1688.585    222.896    222.896    846.155    619.534    574.656    271.499  TILE  6  PFT  6 FRAC     0.25
  2008     3.191      0.573      0.292      0.112      0.830      7.320      8.723    698.889   1000.951   -337.744   -337.744   1036.633    302.062    707.034    329.599  TILE  6  PFT  6 FRAC     0.25
  2009     4.425      0.202      0.084      0.039      1.168      8.169      9.540   1010.545   1659.429    -30.302    -30.302   1040.847    648.884    774.156    266.691  TILE  6  PFT  6 FRAC     0.25
  2010     4.446      0.007      0.001      0.001      1.610      7.788      9.406   1042.488   1667.499    136.151    136.151    906.338    625.011    597.578    308.760  TILE  6  PFT  6 FRAC     0.25
  2011     3.253      0.591      0.304      0.115      0.811      6.963      8.365    714.545   1009.862   -371.921   -371.921   1086.466    295.317    690.561    395.904  TILE  6  PFT  6 FRAC     0.25
  2012     4.486      0.196      0.081      0.037      1.144      7.935      9.275   1005.404   1655.402    -36.221    -36.221   1041.626    649.997    783.371    258.254  TILE  6  PFT  6 FRAC     0.25
  2013     4.473      0.016      0.003      0.002      1.617      7.747      9.380   1073.336   1688.833    189.095    189.095    884.242    615.497    593.686    290.555  TILE  6  PFT  6 FRAC     0.25
  2014     3.298      0.599      0.306      0.120      0.814      6.937      8.350    729.301   1041.689   -343.985   -343.985   1073.286    312.388    686.001    387.285  TILE  6  PFT  6 FRAC     0.25
  2015     4.447      0.176      0.071      0.033      1.145      7.846      9.166    960.417   1599.899    -52.541    -52.541   1012.957    639.483    761.266    251.691  TILE  6  PFT  6 FRAC     0.25
  2016     4.458      0.022      0.005      0.003      1.574      7.635      9.231   1084.016   1705.873    176.519    176.519    907.497    621.857    607.107    300.390  TILE  6  PFT  6 FRAC     0.25
  2017     3.438      0.639      0.334      0.124      0.790      6.880      8.310    765.681   1120.436   -307.556   -307.556   1073.236    354.755    687.410    385.826  TILE  6  PFT  6 FRAC     0.25
  2018     4.470      0.287      0.128      0.056      1.135      7.919      9.342   1049.115   1703.169     11.886     11.886   1037.230    654.054    783.164    254.066  TILE  6  PFT  6 FRAC     0.25
  2019     4.481      0.018      0.004      0.003      1.553      7.932      9.503   1038.867   1671.305     98.765     98.765    940.102    632.438    650.812    289.290  TILE  6  PFT  6 FRAC     0.25
  2020     3.161      0.567      0.283      0.117      0.792      6.944      8.303    696.898   1008.710   -347.012   -347.012   1043.910    311.812    655.176    388.734  TILE  6  PFT  6 FRAC     0.25
  2021     4.431      0.212      0.088      0.041      1.163      7.846      9.221   1029.059   1675.262     50.594     50.594    978.465    646.203    736.934    241.531  TILE  6  PFT  6 FRAC     0.25
  2022     4.462      0.015      0.003      0.002      1.673      7.712      9.399   1066.258   1718.967    243.286    243.286    822.973    652.708    558.459    264.514  TILE  6  PFT  6 FRAC     0.25
  2023     3.257      0.595      0.306      0.117      0.834      7.353      8.782    718.568   1019.977   -340.703   -340.703   1059.271    301.409    704.077    355.194  TILE  6  PFT  6 FRAC     0.25
  2024     4.435      0.120      0.043      0.023      1.263      8.056      9.439    902.013   1525.184    -14.184    -14.184    916.197    623.171    682.115    234.082  TILE  6  PFT  6 FRAC     0.25
  2025     4.468      0.417      0.240      0.090      1.359      7.819      9.595   1138.356   1752.587    308.897    308.897    829.458    614.231    555.605    273.853  TILE  6  PFT  6 FRAC     0.25
  2026     2.590      0.427      0.205      0.085      0.891      8.176      9.493    555.870    806.220   -457.544   -457.544   1013.414    250.350    722.684    290.729  TILE  6  PFT  6 FRAC     0.25
  2027     4.433      0.038      0.014      0.006      1.316      8.019      9.373    950.115   1553.308    -13.136    -13.136    963.252    603.193    658.119    305.133  TILE  6  PFT  6 FRAC     0.25
  2028     3.359      0.621      0.321      0.122      0.708      6.762      8.091    740.960   1083.049   -197.087   -197.087    938.047    342.089    561.075    376.972  TILE  6  PFT  6 FRAC     0.25
  2029     4.478      0.151      0.058      0.028      1.130      7.462      8.743    924.206   1548.055    -19.099    -19.099    943.305    623.849    699.420    243.885  TILE  6  PFT  6 FRAC     0.25
  2030     4.479      0.001      0.000      0.000      1.645      7.302      8.949   1084.258   1686.213    274.617    274.617    809.641    601.955    543.243    266.399  TILE  6  PFT  6 FRAC     0.25
  2031     2.992      0.524      0.262      0.105      0.834      7.106      8.464    649.750    929.663   -355.161   -355.161   1004.911    279.913    679.431    325.481  TILE  6  PFT  6 FRAC     0.25
  2032     4.404      0.086      0.031      0.015      1.269      7.640      8.995    941.203   1590.455    -12.339    -12.339    953.543    649.252    694.667    258.876  TILE  6  PFT  6 FRAC     0.25
  2033     3.818      0.743      0.393      0.148      0.740      6.961      8.444    864.185   1318.742      4.368      4.368    859.817    454.557    546.369    313.447  TILE  6  PFT  6 FRAC     0.25
  2034     4.466      0.355      0.165      0.069      0.940      7.609      8.903    813.477   1225.233   -171.638   -171.638    985.115    411.757    723.875    261.240  TILE  6  PFT  6 FRAC     0.25
  2035     4.408      0.064      0.021      0.010      1.288      7.911      9.262   1032.792   1680.712     10.575     10.575   1022.218    647.919    723.543    298.675  TILE  6  PFT  6 FRAC     0.25
  2036     3.680      0.706      0.376      0.136      0.706      6.838      8.250    808.609   1209.337   -144.797   -144.797    953.405    400.728    579.347    374.059  TILE  6  PFT  6 FRAC     0.25
  2037     4.463      0.425      0.206      0.084      0.934      7.643      9.002    915.626   1310.964    -81.034    -81.034    996.660    395.338    736.536    260.124  TILE  6  PFT  6 FRAC     0.25
  2038     4.424      0.044      0.012      0.007      1.437      7.532      9.013    956.236   1559.489     66.661     66.661    889.575    603.253    610.381    279.195  TILE  6  PFT  6 FRAC     0.25
  2039     3.828      0.745      0.397      0.146      0.766      7.171      8.682    893.503   1342.087    -72.832    -72.832    966.335    448.584    639.233    327.102  TILE  6  PFT  6 FRAC     0.25
  2040     4.446      0.263      0.112      0.054      0.985      7.677      8.925    681.420   1008.321   -239.287   -239.287    920.707    326.901    674.275    246.432  TILE  6  PFT  6 FRAC     0.25
  2041     4.413      0.010      0.002      0.001      1.473      7.360      8.843   1003.105   1631.963    146.828    146.828    856.278    628.857    566.012    290.265  TILE  6  PFT  6 FRAC     0.25
  2042     3.268      0.593      0.303      0.118      0.750      6.460      7.803    728.794   1048.764   -280.409   -280.409   1009.203    319.970    632.328    376.875  TILE  6  PFT  6 FRAC     0.25
  2043     4.408      0.102      0.037      0.019      1.194      7.225      8.521    896.839   1536.979    -21.725    -21.725    918.564    640.140    685.145    233.419  TILE  6  PFT  6 FRAC     0.25
  2044     4.119      0.826      0.448      0.161      0.712      6.872      8.409    945.216   1455.480    136.340    136.340    808.876    510.264    529.366    279.510  TILE  6  PFT  6 FRAC     0.25
  2045     4.459      0.339      0.155      0.068      0.894      7.389      8.623    651.401    942.556   -295.715   -295.715    947.116    291.155    689.872    257.244  TILE  6  PFT  6 FRAC     0.25
  2046     4.401      0.029      0.011      0.005      1.339      7.595      8.963   1009.960   1643.387    103.735    103.735    906.225    633.426    640.084    266.142  TILE  6  PFT  6 FRAC     0.25
  2047     3.361      0.617      0.316      0.124      0.708      6.427      7.752    738.147   1067.198   -220.863   -220.863    959.010    329.051    580.911    378.099  TILE  6  PFT  6 FRAC     0.25
  2048     4.431      0.252      0.109      0.049      1.076      7.420      8.747   1020.204   1680.575     21.729     21.729    998.474    660.372    753.011    245.463  TILE  6  PFT  6 FRAC     0.25
  2049     4.438      0.032      0.008      0.005      1.469      7.638      9.139   1076.675   1713.428    106.672    106.672    970.003    636.753    681.545    288.458  TILE  6  PFT  6 FRAC     0.25
  2050     3.403      0.626      0.322      0.123      0.770      6.626      8.022    746.959   1093.962   -263.349   -263.349   1010.308    347.003    628.051    382.257  TILE  6  PFT  6 FRAC     0.25
  2051     4.451      0.217      0.090      0.043      1.151      7.708      9.076    994.012   1665.707     -7.995     -7.995   1002.008    671.694    760.600    241.408  TILE  6  PFT  6 FRAC     0.25
  2052     4.450      0.010      0.002      0.001      1.580      7.568      9.158   1050.083   1677.979    131.033    131.033    919.050    627.895    621.633    297.417  TILE  6  PFT  6 FRAC     0.25
  2053     3.273      0.596      0.306      0.118      0.790      6.813      8.198    722.151   1027.181   -345.514   -345.514   1067.665    305.029    684.376    383.289  TILE  6  PFT  6 FRAC     0.25
  2054     4.438      0.190      0.076      0.038      1.168      7.696      9.053    982.570   1629.750      3.907      3.907    978.664    647.179    734.343    244.321  TILE  6  PFT  6 FRAC     0.25
  2055     4.460      0.004      0.001      0.000      1.604      7.523      9.131   1066.114   1687.932    175.320    175.320    890.795    621.817    601.928    288.866  TILE  6  PFT  6 FRAC     0.25
  2056     3.333      0.611      0.314      0.120      0.768      6.835      8.214    742.022   1065.654   -355.714   -355.714   1097.736    323.632    708.846    388.890  TILE  6  PFT  6 FRAC     0.25
  2057     4.467      0.431      0.208      0.085      0.993      7.746      9.170   1087.812   1628.044     56.966     56.966   1030.846    540.232    770.627    260.219  TILE  6  PFT  6 FRAC     0.25
  2058     4.472      0.087      0.031      0.016      1.280      8.346      9.712   1007.462   1638.342    -79.112    -79.112   1086.574    630.880    788.125    298.449  TILE  6  PFT  6 FRAC     0.25
  2059     3.727      0.715      0.375      0.144      0.750      7.151      8.616    827.431   1260.514    -65.777    -65.777    893.208    433.084    535.881    357.326  TILE  6  PFT  6 FRAC     0.25
  2060     4.470      0.364      0.168      0.075      0.984      7.848      9.196    886.642   1350.019    -93.298    -93.298    979.940    463.377    724.455    255.485  TILE  6  PFT  6 FRAC     0.25
  2061     4.462      0.046      0.017      0.008      1.343      8.232      9.621   1050.071   1685.950     25.722     25.722   1024.349    635.878    734.149    290.200  TILE  6  PFT  6 FRAC     0.25
  2062     3.158      0.564      0.285      0.112      0.733      6.693      7.989    664.439    976.291   -282.576   -282.576    947.015    311.852    550.514    396.501  TILE  6  PFT  6 FRAC     0.25
  2063     4.459      0.172      0.069      0.033      1.123      7.599      8.894   1007.089   1655.589     27.955     27.955    979.134    648.500    733.450    245.685  TILE  6  PFT  6 FRAC     0.25
  2064     4.450      0.003      0.001      0.000      1.719      7.546      9.268   1112.546   1748.578    369.354    369.354    743.192    636.032    508.980    234.212  TILE  6  PFT  6 FRAC     0.25
  2065     2.797      0.476      0.235      0.094      0.875      7.899      9.250    597.869    860.359   -370.497   -370.497    968.365    262.491    693.460    274.905  TILE  6  PFT  6 FRAC     0.25
  2066     4.430      0.074      0.025      0.012      1.261      8.039      9.375    942.205   1563.133    -51.963    -51.963    994.168    620.928    694.408    299.760  TILE  6  PFT  6 FRAC     0.25
  2067     3.699      0.712      0.372      0.145      0.783      7.200      8.695    865.985   1337.376     39.687     39.687    826.298    471.391    515.336    310.962  TILE  6  PFT  6 FRAC     0.25
  2068     4.452      0.208      0.086      0.040      1.143      8.047      9.398    896.496   1532.939   -108.421   -108.421   1004.918    636.443    750.944    253.973  TILE  6  PFT  6 FRAC     0.25
  2069     4.437      0.008      0.001      0.001      1.594      7.666      9.267   1040.881   1650.265    163.345    163.345    877.536    609.384    579.808    297.728  TILE  6  PFT  6 FRAC     0.25
  2070     3.257      0.594      0.304      0.119      0.776      6.918      8.288    719.158   1014.303   -357.361   -357.361   1076.518    295.146    691.165    385.353  TILE  6  PFT  6 FRAC     0.25
  2071     4.486      0.226      0.095      0.045      1.150      7.761      9.137   1032.711   1690.511     28.608     28.608   1004.103    657.800    749.357    254.746  TILE  6  PFT  6 FRAC     0.25
  2072     4.423      0.013      0.003      0.002      1.635      7.610      9.258   1046.768   1691.503    186.642    186.642    860.126    644.735    582.488    277.637  TILE  6  PFT  6 FRAC     0.25
  2073     2.964      0.520      0.260      0.103      0.812      6.863      8.195    646.107    941.483   -430.002   -430.002   1076.108    295.377    694.011    382.098  TILE  6  PFT  6 FRAC     0.25
  2074     4.461      0.089      0.032      0.016      1.201      7.447      8.738    949.400   1574.290    -35.374    -35.374    984.774    624.890    719.336    265.437  TILE  6  PFT  6 FRAC     0.25
  2075     4.317      0.882      0.486      0.169      0.712      7.035      8.628   1032.377   1589.499    179.202    179.202    853.175    557.122    556.142    297.033  TILE  6  PFT  6 FRAC     0.25
  2076     4.447      0.538      0.269      0.107      0.882      7.642      9.062    791.565   1120.615   -208.722   -208.722   1000.287    329.051    726.411    273.876  TILE  6  PFT  6 FRAC     0.25
  2077     4.435      0.233      0.099      0.045      1.192      8.595     10.019   1069.776   1707.016    -10.850    -10.850   1080.626    637.240    805.694    274.932  TILE  6  PFT  6 FRAC     0.25
  2078     4.465      0.015      0.003      0.002      1.696      8.403     10.114   1056.195   1680.042    217.310    217.310    838.885    623.846    569.214    269.671  TILE  6  PFT  6 FRAC     0.25
  2079     3.294      0.604      0.311      0.120      0.836      7.953      9.393    734.314   1063.812   -372.298   -372.298   1106.612    329.498    731.991    374.620  TILE  6  PFT  6 FRAC     0.25
  2080     4.456      0.105      0.040      0.019      1.271      8.468      9.843    875.053   1486.346    -46.847    -46.847    921.900    611.292    675.667    246.234  TILE  6  PFT  6 FRAC     0.25
  2081     4.017      0.801      0.432      0.158      0.727      7.630      9.158    916.513   1404.698     17.682     17.682    898.831    488.185    560.662    338.168  TILE  6  PFT  6 FRAC     0.25
  2082     4.464      0.391      0.185      0.078      0.888      8.028      9.307    753.113   1076.407   -260.817   -260.817   1013.929    323.295    723.727    290.202  TILE  6  PFT  6 FRAC     0.25
  2083     4.415      0.025      0.010      0.004      1.348      8.038      9.411    958.075   1591.559     41.794     41.794    916.281    633.484    632.274    284.007  TILE  6  PFT  6 FRAC     0.25
  2084     3.322      0.606      0.312      0.119      0.718      6.610      7.934    720.832   1035.849   -247.743   -247.743    968.574    315.017    568.958    399.617  TILE  6  PFT  6 FRAC     0.25
  2085     4.476      0.162      0.062      0.032      1.153      7.384      8.700    945.323   1571.926     13.514     13.514    931.809    626.603    696.524    235.286  TILE  6  PFT  6 FRAC     0.25
  2086     4.481      0.000      0.000      0.000      1.673      7.458      9.130   1103.997   1748.561    306.055    306.055    797.942    644.563    554.760    243.183  TILE  6  PFT  6 FRAC     0.25
  2087     2.403      0.385      0.179      0.079      0.783      7.070      8.239    477.631    688.128   -589.667   -589.667   1067.297    210.497    710.193    357.104  TILE  6  PFT  6 FRAC     0.25
  2088     4.403      0.085      0.029      0.015      1.187      7.447      8.719   1022.500   1665.594     59.968     59.968    962.532    643.094    685.929    276.603  TILE  6  PFT  6 FRAC     0.25
  2089     4.469      0.148      0.094      0.039      1.593      7.177      8.917   1163.595   1780.648    344.062    344.062    819.533    617.053    542.513    277.020  TILE  6  PFT  6 FRAC     0.25
  2090     2.375      0.378      0.179      0.074      0.834      7.568      8.780    469.776    680.274   -535.342   -535.342   1005.119    210.498    719.590    285.529  TILE  6  PFT  6 FRAC     0.25
  2091     4.468      0.055      0.018      0.008      1.304      7.831      9.190   1012.707   1668.701     82.189     82.189    930.518    655.994    654.726    275.792  TILE  6  PFT  6 FRAC     0.25
  2092     3.464      0.641      0.333      0.125      0.721      6.645      8.006    752.840   1135.087   -181.589   -181.589    934.429    382.247    561.532    372.897  TILE  6  PFT  6 FRAC     0.25
  2093     4.487      0.249      0.108      0.049      1.118      7.664      9.031   1006.601   1643.848     27.516     27.516    979.085    637.247    742.445    236.640  TILE  6  PFT  6 FRAC     0.25
  2094     4.477      0.029      0.008      0.005      1.573      7.630      9.233   1068.089   1703.481    169.197    169.197    898.892    635.392    615.928    282.963  TILE  6  PFT  6 FRAC     0.25
  2095     3.292      0.600      0.309      0.118      0.813      6.831      8.244    725.897   1064.684   -309.063   -309.063   1034.960    338.786    660.906    374.054  TILE  6  PFT  6 FRAC     0.25
  2096     4.458      0.308      0.137      0.063      1.134      7.859      9.301   1101.450   1764.956     57.907     57.907   1043.543    663.505    787.038    256.505  TILE  6  PFT  6 FRAC     0.25
  2097     4.428      0.040      0.015      0.006      1.383      8.330      9.753   1039.203   1662.990    -46.680    -46.680   1085.884    623.786    779.492    306.391  TILE  6  PFT  6 FRAC     0.25
  2098     3.660      0.702      0.373      0.136      0.728      7.059      8.490    826.391   1207.834   -196.488   -196.488   1022.880    381.443    616.456    406.424  TILE  6  PFT  6 FRAC     0.25
  2099     4.466      0.355      0.164      0.071      0.984      7.674      9.012    879.811   1332.861    -75.405    -75.405    955.216    453.050    702.252    252.964  TILE  6  PFT  6 FRAC     0.25
  2100     4.453      0.066      0.020      0.012      1.380      7.874      9.319   1035.198   1667.492     75.203     75.203    959.995    632.294    676.719    283.276  TILE  6  PFT  6 FRAC     0.25
  2101     4.143      0.838      0.452      0.168      0.822      7.405      9.066   1014.723   1538.381    110.530    110.530    904.193    523.658    591.674    312.519  TILE  6  PFT  6 FRAC     0.25
  2102     4.455      0.304      0.136      0.061      0.924      7.877      9.105    580.837    848.512   -415.796   -415.796    996.633    267.675    721.923    274.710  TILE  6  PFT  6 FRAC     0.25
  2103     4.447      0.027      0.010      0.004      1.339      7.944      9.310   1030.429   1661.548     81.011     81.011    949.418    631.119    655.628    293.790  TILE  6  PFT  6 FRAC     0.25
  2104     3.341      0.612      0.314      0.121      0.720      6.425      7.757    732.688   1054.820   -216.476   -216.476    949.163    322.132    554.589    394.575  TILE  6  PFT  6 FRAC     0.25
  2105     4.464      0.177      0.071      0.034      1.147      7.392      8.715    967.039   1609.268     38.659     38.659    928.380    642.229    706.865    221.514  TILE  6  PFT  6 FRAC     0.25
  2106     4.447      0.009      0.001      0.001      1.634      7.384      9.027   1066.214   1681.079    256.421    256.421    809.794    614.865    554.590    255.204  TILE  6  PFT  6 FRAC     0.25
  2107     2.690      0.450      0.217      0.091      0.874      7.250      8.574    579.085    852.086   -353.736   -353.736    932.821    273.001    638.203    294.618  TILE  6  PFT  6 FRAC     0.25
  2108     4.421      0.045      0.018      0.007      1.252      7.627      8.924    929.440   1547.805    -40.123    -40.123    969.563    618.364    694.089    275.474  TILE  6  PFT  6 FRAC     0.25
  2109     3.344      0.617      0.318      0.122      0.713      6.344      7.674    740.440   1101.030   -133.433   -133.433    873.873    360.590    515.991    357.882  TILE  6  PFT  6 FRAC     0.25
  2110     4.465      0.221      0.092      0.044      1.116      7.304      8.642    992.713   1637.609     37.476     37.476    955.236    644.896    721.702    233.534  TILE  6  PFT  6 FRAC     0.25
  2111     4.472      0.028      0.007      0.005      1.546      7.363      8.936   1090.960   1732.173    174.509    174.509    916.450    641.213    634.390    282.061  TILE  6  PFT  6 FRAC     0.25
  2112     3.047      0.539      0.270      0.108      0.839      6.611      7.988    662.618    990.222   -322.286   -322.286    984.904    327.604    629.571    355.333  TILE  6  PFT  6 FRAC     0.25
  2113     4.435      0.095      0.033      0.017      1.199      7.308      8.602    929.455   1551.894    -66.481    -66.481    995.936    622.439    735.600    260.337  TILE  6  PFT  6 FRAC     0.25
  2114     4.056      0.811      0.437      0.159      0.723      6.739      8.273    940.441   1439.196    124.016    124.016    816.425    498.755    522.522    293.903  TILE  6  PFT  6 FRAC     0.25
  2115     4.468      0.417      0.200      0.083      0.851      7.380      8.648    751.417   1071.559   -268.165   -268.165   1019.583    320.141    744.754    274.829  TILE  6  PFT  6 FRAC     0.25
  2116     4.431      0.101      0.035      0.019      1.257      7.898      9.255   1025.219   1665.210     37.028     37.028    988.191    639.991    711.812    276.380  TILE  6  PFT  6 FRAC     0.25
  2117     4.400      0.912      0.505      0.174      0.776      7.370      9.057   1049.355   1594.317    160.973    160.973    888.382    544.962    569.935    318.446  TILE  6  PFT  6 FRAC     0.25
  2118     4.462      0.267      0.114      0.056      0.929      7.669      8.865    455.442    676.194   -485.549   -485.549    940.991    220.752    674.408    266.583  TILE  6  PFT  6 FRAC     0.25
  2119     4.446      0.050      0.016      0.008      1.332      7.773      9.155   1086.471   1721.646    122.016    122.016    964.455    635.174    669.543    294.912  TILE  6  PFT  6 FRAC     0.25
  2120     3.148      0.565      0.286      0.113      0.753      6.546      7.863    687.073   1061.977   -215.189   -215.189    902.262    374.905    543.590    358.672  TILE  6  PFT  6 FRAC     0.25
  2121     4.454      0.076      0.028      0.013      1.177      7.120      8.373    889.573   1529.405    -55.442    -55.442    945.016    639.831    689.017    255.999  TILE  6  PFT  6 FRAC     0.25
  2122     3.871      0.753      0.400      0.148      0.694      6.530      7.977    877.776   1327.047     71.091     71.091    806.685    449.271    510.693    295.991  TILE  6  PFT  6 FRAC     0.25
  2123     4.461      0.305      0.138      0.060      0.907      7.278      8.490    712.765   1055.138   -204.339   -204.339    917.104    342.373    682.928    234.176  TILE  6  PFT  6 FRAC     0.25
  2124     4.460      0.044      0.012      0.007      1.423      7.360      8.827   1051.436   1717.993    191.711    191.711    859.725    666.557    594.776    264.949  TILE  6  PFT  6 FRAC     0.25
  2125     3.284      0.595      0.301      0.120      0.795      6.422      7.813    715.477   1067.153   -217.643   -217.643    933.120    351.677    581.269    351.851  TILE  6  PFT  6 FRAC     0.25
  2126     4.461      0.175      0.069      0.034      1.182      7.466      8.824    972.050   1618.438     23.491     23.491    948.559    646.388    726.696    221.863  TILE  6  PFT  6 FRAC     0.25
  2127     4.479      0.007      0.001      0.001      1.664      7.404      9.075   1076.643   1703.336    229.229    229.229    847.414    626.692    577.381    270.033  TILE  6  PFT  6 FRAC     0.25
  2128     3.190      0.573      0.292      0.112      0.832      7.234      8.639    698.991   1002.030   -349.317   -349.317   1048.308    303.039    709.204    339.104  TILE  6  PFT  6 FRAC     0.25
  2129     4.430      0.202      0.084      0.039      1.169      8.111      9.483   1011.209   1660.431    -28.377    -28.377   1039.586    649.222    775.289    264.297  TILE  6  PFT  6 FRAC     0.25
  2130     4.438      0.007      0.001      0.001      1.610      7.750      9.367   1041.897   1666.300    136.994    136.994    904.903    624.403    597.926    306.977  TILE  6  PFT  6 FRAC     0.25
  2131     3.251      0.591      0.303      0.115      0.811      6.941      8.343    713.972   1009.126   -371.005   -371.005   1084.977    295.154    690.666    394.311  TILE  6  PFT  6 FRAC     0.25
  2132     4.482      0.196      0.081      0.037      1.143      7.916      9.255   1003.542   1652.950    -36.593    -36.593   1040.135    649.408    782.558    257.577  TILE  6  PFT  6 FRAC     0.25
  2133     4.472      0.016      0.003      0.002      1.616      7.731      9.364   1073.199   1688.525    190.094    190.094    883.105    615.326    593.126    289.979  TILE  6  PFT  6 FRAC     0.25
  2134     3.291      0.601      0.307      0.120      0.814      6.926      8.342    731.390   1044.352   -340.932   -340.932   1072.322    312.962    685.769    386.553  TILE  6  PFT  6 FRAC     0.25
  2135     4.440      0.180      0.073      0.034      1.142      7.840      9.161    959.453   1598.377    -52.579    -52.579   1012.032    638.924    760.984    251.048  TILE  6  PFT  6 FRAC     0.25
  2136     4.435      0.025      0.006      0.004      1.562      7.648      9.235   1079.938   1700.731    168.203    168.203    911.734    620.794    611.459    300.276  TILE  6  PFT  6 FRAC     0.25
  2137     3.478      0.648      0.339      0.126      0.789      6.880      8.317    774.105   1136.344   -293.612   -293.612   1067.717    362.239    682.594    385.122  TILE  6  PFT  6 FRAC     0.25
  2138     4.443      0.299      0.134      0.059      1.134      7.918      9.351   1051.165   1705.578     15.208     15.208   1035.958    654.412    782.133    253.825  TILE  6  PFT  6 FRAC     0.25
  2139     4.482      0.019      0.005      0.003      1.536      7.985      9.539   1032.259   1665.121     77.428     77.428    954.832    632.862    664.817    290.015  TILE  6  PFT  6 FRAC     0.25
  2140     3.168      0.572      0.286      0.119      0.786      6.950      8.308    701.889   1015.777   -336.387   -336.387   1038.276    313.888    648.056    390.220  TILE  6  PFT  6 FRAC     0.25
  2141     4.442      0.211      0.088      0.041      1.165      7.850      9.226   1031.336   1678.805     52.892     52.892    978.445    647.469    736.854    241.590  TILE  6  PFT  6 FRAC     0.25
  2142     4.460      0.015      0.003      0.002      1.673      7.714      9.402   1065.993   1718.590    242.180    242.180    823.813    652.597    558.992    264.821  TILE  6  PFT  6 FRAC     0.25
  2143     3.260      0.595      0.306      0.117      0.834      7.353      8.782    718.623   1020.079   -340.912   -340.912   1059.535    301.456    704.102    355.433  TILE  6  PFT  6 FRAC     0.25
  2144     4.436      0.120      0.043      0.023      1.264      8.056      9.439    902.061   1525.248    -14.068    -14.068    916.128    623.187    682.102    234.026  TILE  6  PFT  6 FRAC     0.25
  2145     4.469      0.417      0.240      0.090      1.359      7.819      9.595   1138.449   1752.701    308.906    308.906    829.543    614.252    555.640    273.904  TILE  6  PFT  6 FRAC     0.25
  2146     2.590      0.427      0.205      0.085      0.891      8.176      9.494    555.746    806.072   -457.853   -457.853   1013.599    250.327    722.837    290.762  TILE  6  PFT  6 FRAC     0.25
  2147     4.443      0.038      0.013      0.006      1.325      8.013      9.377    957.343   1563.308     -4.687     -4.687    962.030    605.965    656.904    305.126  TILE  6  PFT  6 FRAC     0.25
  2148     3.354      0.619      0.320      0.122      0.711      6.771      8.102    739.458   1080.984   -202.737   -202.737    942.195    341.526    564.965    377.230  TILE  6  PFT  6 FRAC     0.25
  2149     4.470      0.150      0.058      0.028      1.130      7.470      8.751    923.168   1546.501    -21.334    -21.334    944.502    623.334    700.195    244.307  TILE  6  PFT  6 FRAC     0.25
  2150     4.481      0.001      0.000      0.000      1.645      7.308      8.955   1084.361   1686.260    274.491    274.491    809.870    601.899    543.207    266.663  TILE  6  PFT  6 FRAC     0.25
  2151     2.995      0.525      0.262      0.105      0.834      7.111      8.470    650.412    930.475   -354.695   -354.695   1005.108    280.063    679.472    325.636  TILE  6  PFT  6 FRAC     0.25
  2152     4.406      0.086      0.031      0.015      1.270      7.645      9.001    942.217   1591.833    -12.173    -12.173    954.391    649.615    695.373    259.017  TILE  6  PFT  6 FRAC     0.25
  2153     3.808      0.742      0.393      0.148      0.739      6.963      8.444    862.398   1316.142      1.712      1.712    860.686    453.744    546.754    313.932  TILE  6  PFT  6 FRAC     0.25
  2154     4.469      0.354      0.165      0.069      0.941      7.611      8.907    816.324   1230.601   -168.544   -168.544    984.868    414.277    723.715    261.153  TILE  6  PFT  6 FRAC     0.25
  2155     4.408      0.064      0.021      0.010      1.288      7.914      9.266   1032.808   1680.659      9.823      9.823   1022.985    647.851    724.231    298.754  TILE  6  PFT  6 FRAC     0.25
  2156     3.680      0.706      0.376      0.136      0.706      6.840      8.252    808.552   1209.257   -145.009   -145.009    953.562    400.705    579.451    374.110  TILE  6  PFT  6 FRAC     0.25
  2157     4.465      0.424      0.206      0.083      0.933      7.643      9.000    914.965   1310.159    -81.821    -81.821    996.787    395.194    736.545    260.241  TILE  6  PFT  6 FRAC     0.25
  2158     4.421      0.044      0.012      0.007      1.435      7.529      9.008    955.145   1557.896     66.442     66.442    888.703    602.750    609.615    279.088  TILE  6  PFT  6 FRAC     0.25
  2159     3.820      0.744      0.396      0.146      0.765      7.165      8.675    892.159   1340.052    -73.342    -73.342    965.501    447.893    638.475    327.026  TILE  6  PFT  6 FRAC     0.25
  2160     4.458      0.263      0.112      0.054      0.981      7.665      8.909    676.494   1000.681   -241.955   -241.955    918.450    324.187    672.256    246.194  TILE  6  PFT  6 FRAC     0.25
  2161     4.486      0.008      0.002      0.001      1.511      7.320      8.839   1026.135   1666.409    183.219    183.219    842.916    640.274    554.711    288.205  TILE  6  PFT  6 FRAC     0.25
  2162     3.239      0.587      0.299      0.117      0.764      6.492      7.842    722.650   1037.727   -301.547   -301.547   1024.197    315.077    647.737    376.460  TILE  6  PFT  6 FRAC     0.25
  2163     4.493      0.083      0.030      0.015      1.233      7.237      8.554    911.092   1555.919    -10.880    -10.880    921.972    644.827    686.195    235.777  TILE  6  PFT  6 FRAC     0.25
  2164     3.758      0.726      0.385      0.142      0.700      6.720      8.146    830.077   1266.408     -6.568     -6.568    836.646    436.330    537.768    298.878  TILE  6  PFT  6 FRAC     0.25
  2165     4.444      0.340      0.156      0.069      0.925      7.309      8.574    782.387   1146.003   -152.537   -152.537    934.924    363.615    686.167    248.757  TILE  6  PFT  6 FRAC     0.25
  2166     4.407      0.028      0.011      0.005      1.362      7.579      8.969   1016.512   1652.730    101.544    101.544    914.968    636.218    650.464    264.503  TILE  6  PFT  6 FRAC     0.25
  2167     3.362      0.616      0.315      0.124      0.716      6.449      7.782    737.734   1066.072   -231.326   -231.326    969.061    328.337    590.588    378.472  TILE  6  PFT  6 FRAC     0.25
  2168     4.436      0.251      0.109      0.049      1.079      7.446      8.777   1019.991   1680.256     17.442     17.442   1002.549    660.264    756.162    246.387  TILE  6  PFT  6 FRAC     0.25
  2169     4.437      0.032      0.008      0.005      1.460      7.666      9.159   1071.441   1706.198     96.446     96.446    974.996    634.757    685.202    289.794  TILE  6  PFT  6 FRAC     0.25
  2170     3.389      0.624      0.322      0.123      0.767      6.630      8.021    744.983   1091.183   -262.811   -262.811   1007.794    346.200    624.586    383.208  TILE  6  PFT  6 FRAC     0.25
  2171     4.445      0.217      0.090      0.043      1.148      7.703      9.068    992.671   1663.736     -7.118     -7.118    999.789    671.065    758.351    241.438  TILE  6  PFT  6 FRAC     0.25
  2172     4.448      0.011      0.002      0.001      1.569      7.566      9.146   1044.511   1669.359    124.185    124.185    920.326    624.848    622.761    297.565  TILE  6  PFT  6 FRAC     0.25
  2173     3.292      0.594      0.303      0.117      0.785      6.794      8.174    720.237   1025.346   -342.531   -342.531   1062.769    305.109    679.788    382.980  TILE  6  PFT  6 FRAC     0.25
  2174     4.452      0.191      0.076      0.038      1.165      7.676      9.033    984.051   1631.596      8.364      8.364    975.687    647.545    732.159    243.528  TILE  6  PFT  6 FRAC     0.25
  2175     4.486      0.004      0.001      0.000      1.609      7.514      9.127   1071.053   1695.710    181.547    181.547    889.506    624.657    601.707    287.799  TILE  6  PFT  6 FRAC     0.25
  2176     3.338      0.611      0.315      0.120      0.770      6.838      8.219    743.152   1067.216   -356.317   -356.317   1099.469    324.063    710.776    388.693  TILE  6  PFT  6 FRAC     0.25
  2177     4.469      0.431      0.208      0.085      0.997      7.757      9.184   1089.956   1633.253     57.671     57.671   1032.285    543.297    772.083    260.203  TILE  6  PFT  6 FRAC     0.25
  2178     4.463      0.090      0.032      0.016      1.272      8.360      9.722   1001.971   1630.671    -86.270    -86.270   1088.241    628.700    789.472    298.768  TILE  6  PFT  6 FRAC     0.25
  2179     3.774      0.733      0.386      0.147      0.752      7.238      8.723    847.953   1292.866    -35.479    -35.479    883.432    444.914    533.942    349.489  TILE  6  PFT  6 FRAC     0.25
  2180     4.470      0.363      0.167      0.075      0.954      7.875      9.192    838.219   1252.636   -147.678   -147.678    985.897    414.417    724.625    261.272  TILE  6  PFT  6 FRAC     0.25
  2181     4.459      0.046      0.017      0.008      1.329      8.209      9.584   1049.129   1684.611     36.394     36.394   1012.735    635.483    722.553    290.182  TILE  6  PFT  6 FRAC     0.25
  2182     3.147      0.564      0.285      0.112      0.726      6.660      7.951    664.663    976.511   -275.314   -275.314    939.977    311.848    544.907    395.070  TILE  6  PFT  6 FRAC     0.25
  2183     4.455      0.172      0.069      0.033      1.120      7.567      8.859   1006.792   1655.232     31.311     31.311    975.481    648.440    730.924    244.558  TILE  6  PFT  6 FRAC     0.25
  2184     4.449      0.003      0.001      0.000      1.717      7.518      9.239   1111.851   1747.515    370.288    370.288    741.562    635.664    508.158    233.405  TILE  6  PFT  6 FRAC     0.25
  2185     2.798      0.477      0.235      0.094      0.874      7.877      9.228    598.067    860.602   -368.582   -368.582    966.649    262.535    692.595    274.054  TILE  6  PFT  6 FRAC     0.25
  2186     4.397      0.077      0.026      0.012      1.244      8.029      9.349    930.706   1547.297    -64.762    -64.762    995.468    616.590    696.146    299.322  TILE  6  PFT  6 FRAC     0.25
  2187     3.781      0.729      0.381      0.148      0.780      7.191      8.699    884.977   1366.271     67.180     67.180    817.797    481.293    509.511    308.286  TILE  6  PFT  6 FRAC     0.25
  2188     4.452      0.213      0.089      0.041      1.149      8.057      9.419    899.176   1537.870   -107.951   -107.951   1007.127    638.694    753.719    253.408  TILE  6  PFT  6 FRAC     0.25
  2189     4.462      0.008      0.001      0.001      1.605      7.694      9.307   1050.499   1665.554    165.710    165.710    884.789    615.054    586.163    298.626  TILE  6  PFT  6 FRAC     0.25
  2190     3.260      0.595      0.305      0.119      0.780      6.941      8.316    720.054   1015.610   -364.149   -364.149   1084.203    295.556    696.284    387.919  TILE  6  PFT  6 FRAC     0.25
  2191     4.487      0.226      0.095      0.045      1.153      7.784      9.162   1032.587   1690.420     25.778     25.778   1006.810    657.832    751.222    255.588  TILE  6  PFT  6 FRAC     0.25
  2192     4.489      0.010      0.002      0.001      1.665      7.657      9.332   1065.991   1721.715    212.842    212.842    853.148    655.724    579.212    273.937  TILE  6  PFT  6 FRAC     0.25
  2193     2.941      0.512      0.254      0.102      0.825      6.971      8.308    639.013    928.403   -445.037   -445.037   1084.050    289.390    703.717    380.333  TILE  6  PFT  6 FRAC     0.25
  2194     4.449      0.087      0.031      0.016      1.208      7.524      8.819    950.312   1574.589    -39.495    -39.495    989.808    624.276    720.712    269.096  TILE  6  PFT  6 FRAC     0.25
  2195     4.263      0.869      0.477      0.167      0.711      7.045      8.626   1017.510   1565.901    156.009    156.009    861.500    548.392    557.514    303.986  TILE  6  PFT  6 FRAC     0.25
  2196     4.446      0.539      0.271      0.108      0.883      7.648      9.070    804.706   1139.417   -194.525   -194.525    999.232    334.711    725.350    273.882  TILE  6  PFT  6 FRAC     0.25
  2197     4.435      0.233      0.099      0.045      1.194      8.602     10.029   1069.883   1707.305    -11.415    -11.415   1081.298    637.422    806.270    275.028  TILE  6  PFT  6 FRAC     0.25
  2198     4.464      0.015      0.003      0.002      1.696      8.410     10.121   1056.183   1680.037    216.470    216.470    839.713    623.854    569.791    269.921  TILE  6  PFT  6 FRAC     0.25
  2199     3.294      0.604      0.311      0.120      0.836      7.959      9.399    734.290   1063.782   -372.898   -372.898   1107.188    329.493    732.292    374.896  TILE  6  PFT  6 FRAC     0.25
  2200     4.456      0.105      0.040      0.019      1.271      8.473      9.849    875.059   1486.351    -47.306    -47.306    922.365    611.291    675.913    246.452  TILE  6  PFT  6 FRAC     0.25
  2201     4.016      0.801      0.432      0.158      0.728      7.634      9.163    916.567   1404.759     17.433     17.433    899.134    488.192    560.762    338.372  TILE  6  PFT  6 FRAC     0.25
  2202     4.463      0.390      0.184      0.078      0.888      8.032      9.310    751.634   1074.613   -262.654   -262.654   1014.288    322.979    723.886    290.402  TILE  6  PFT  6 FRAC     0.25
  2203     4.402      0.025      0.010      0.004      1.345      8.038      9.408    955.900   1588.251     40.006     40.006    915.895    632.351    631.678    284.217  TILE  6  PFT  6 FRAC     0.25
  2204     3.318      0.606      0.312      0.119      0.717      6.607      7.930    720.855   1035.844   -246.443   -246.443    967.298    314.989    567.770    399.529  TILE  6  PFT  6 FRAC     0.25
  2205     4.462      0.166      0.064      0.033      1.147      7.381      8.694    942.321   1567.476     12.226     12.226    930.094    625.156    695.234    234.860  TILE  6  PFT  6 FRAC     0.25
  2206     4.457      0.000      0.000      0.000      1.647      7.381      9.028   1084.603   1722.650    275.886    275.886    808.717    638.048    557.391    251.325  TILE  6  PFT  6 FRAC     0.25
  2207     2.404      0.386      0.180      0.079      0.772      6.830      7.989    478.154    688.813   -590.817   -590.817   1068.970    210.659    700.201    368.769  TILE  6  PFT  6 FRAC     0.25
  2208     4.404      0.085      0.029      0.015      1.184      7.272      8.541   1022.806   1666.079     72.609     72.609    950.197    643.273    681.555    268.642  TILE  6  PFT  6 FRAC     0.25
  2209     4.447      0.052      0.035      0.018      1.676      7.059      8.787   1154.385   1767.140    340.705    340.705    813.680    612.755    542.192    271.488  TILE  6  PFT  6 FRAC     0.25
  2210     2.845      0.487      0.240      0.096      0.857      7.493      8.836    603.275    866.412   -393.358   -393.358    996.633    263.137    716.435    280.198  TILE  6  PFT  6 FRAC     0.25
  2211     4.489      0.102      0.037      0.018      1.263      8.116      9.482   1002.015   1667.503     -4.726     -4.726   1006.741    665.488    732.717    274.024  TILE  6  PFT  6 FRAC     0.25
  2212     4.205      0.852      0.464      0.166      0.756      7.394      9.002    988.244   1522.777     94.839     94.839    893.405    534.533    564.071    329.335  TILE  6  PFT  6 FRAC     0.25
  2213     4.455      0.415      0.199      0.082      0.882      7.957      9.253    690.381    987.459   -322.250   -322.250   1012.631    297.079    735.004    277.627  TILE  6  PFT  6 FRAC     0.25
  2214     4.454      0.085      0.030      0.015      1.309      8.158      9.552   1024.032   1668.103     58.759     58.759    965.273    644.070    678.590    286.683  TILE  6  PFT  6 FRAC     0.25
  2215     4.046      0.800      0.430      0.156      0.762      7.464      9.027    938.745   1432.353     45.583     45.583    893.162    493.607    568.143    325.019  TILE  6  PFT  6 FRAC     0.25
  2216     4.462      0.437      0.210      0.087      0.883      7.983      9.303    801.224   1141.353   -251.663   -251.663   1052.887    340.129    759.024    293.863  TILE  6  PFT  6 FRAC     0.25
  2217     4.451      0.123      0.045      0.022      1.211      8.480      9.814   1058.821   1701.377    -13.867    -13.867   1072.688    642.556    772.028    300.660  TILE  6  PFT  6 FRAC     0.25
  2218     4.470      0.000      0.000      0.000      1.693      7.968      9.661   1099.271   1687.270    216.002    216.002    883.269    587.999    569.585    313.685  TILE  6  PFT  6 FRAC     0.25
  2219     2.798      0.476      0.233      0.095      0.870      7.950      9.296    602.253    868.171   -381.053   -381.053    983.305    265.918    679.091    304.214  TILE  6  PFT  6 FRAC     0.25
  2220     4.422      0.101      0.036      0.018      1.248      8.269      9.618    979.396   1608.784    -14.044    -14.044    993.441    629.388    708.332    285.108  TILE  6  PFT  6 FRAC     0.25
  2221     4.442      0.000      0.000      0.000      1.717      8.040      9.757   1139.234   1759.221    281.059    281.059    858.175    619.988    575.577    282.598  TILE  6  PFT  6 FRAC     0.25
  2222     2.058      0.310      0.140      0.061      0.833      7.966      9.109    390.003    569.302   -605.324   -605.324    995.326    179.299    683.953    311.374  TILE  6  PFT  6 FRAC     0.25
  2223     4.481      0.027      0.010      0.004      1.311      7.891      9.229   1038.329   1673.562    123.445    123.445    914.884    635.233    621.657    293.227  TILE  6  PFT  6 FRAC     0.25
  2224     3.340      0.611      0.314      0.120      0.708      6.360      7.679    732.445   1054.558   -202.522   -202.522    934.967    322.113    543.731    391.236  TILE  6  PFT  6 FRAC     0.25
  2225     4.465      0.177      0.071      0.034      1.142      7.329      8.647    966.820   1608.954     44.910     44.910    921.910    642.134    702.485    219.424  TILE  6  PFT  6 FRAC     0.25
  2226     4.446      0.009      0.001      0.001      1.632      7.332      8.973   1065.928   1680.651    260.324    260.324    805.604    614.723    552.425    253.179  TILE  6  PFT  6 FRAC     0.25
  2227     2.690      0.450      0.217      0.091      0.873      7.211      8.534    579.142    852.163   -350.899   -350.899    930.041    273.021    637.170    292.871  TILE  6  PFT  6 FRAC     0.25
  2228     4.422      0.045      0.018      0.007      1.252      7.599      8.896    929.761   1548.218    -38.181    -38.181    967.942    618.458    693.701    274.241  TILE  6  PFT  6 FRAC     0.25
  2229     3.361      0.617      0.318      0.122      0.713      6.326      7.656    740.432   1101.057   -132.050   -132.050    872.481    360.625    515.771    356.710  TILE  6  PFT  6 FRAC     0.25
  2230     4.465      0.222      0.092      0.044      1.116      7.291      8.630    993.823   1638.928     39.143     39.143    954.680    645.105    721.653    233.027  TILE  6  PFT  6 FRAC     0.25
  2231     4.485      0.028      0.007      0.005      1.549      7.357      8.934   1094.011   1736.788    177.407    177.407    916.604    642.777    635.014    281.589  TILE  6  PFT  6 FRAC     0.25
  2232     3.041      0.538      0.270      0.108      0.840      6.611      7.989    661.850    989.429   -324.050   -324.050    985.900    327.579    630.676    355.225  TILE  6  PFT  6 FRAC     0.25
  2233     4.432      0.095      0.033      0.017      1.198      7.309      8.603    928.625   1550.718    -67.374    -67.374    995.999    622.093    735.589    260.410  TILE  6  PFT  6 FRAC     0.25
  2234     4.055      0.811      0.437      0.159      0.723      6.739      8.273    940.354   1439.116    124.244    124.244    816.110    498.762    522.222    293.888  TILE  6  PFT  6 FRAC     0.25
  2235     4.465      0.417      0.200      0.083      0.851      7.379      8.647    751.332   1071.416   -268.294   -268.294   1019.626    320.084    744.775    274.851  TILE  6  PFT  6 FRAC     0.25
  2236     4.429      0.101      0.035      0.019      1.256      7.896      9.253   1024.561   1664.289     36.343     36.343    988.217    639.728    711.819    276.399  TILE  6  PFT  6 FRAC     0.25
  2237     4.402      0.910      0.504      0.174      0.775      7.365      9.049   1046.279   1589.447    157.622    157.622    888.658    543.167    569.837    318.820  TILE  6  PFT  6 FRAC     0.25
  2238     4.463      0.266      0.114      0.056      0.924      7.652      8.842    449.017    667.187   -488.423   -488.423    937.440    218.170    671.090    266.350  TILE  6  PFT  6 FRAC     0.25
  2239     4.444      0.050      0.016      0.008      1.329      7.753      9.132   1085.634   1720.509    124.026    124.026    961.608    634.875    667.380    294.228  TILE  6  PFT  6 FRAC     0.25
  2240     3.146      0.564      0.285      0.113      0.751      6.528      7.844    686.489   1061.143   -213.547   -213.547    900.036    374.654    542.263    357.773  TILE  6  PFT  6 FRAC     0.25
  2241     4.486      0.072      0.027      0.012      1.183      7.099      8.355    891.504   1532.581    -51.077    -51.077    942.581    641.078    687.081    255.500  TILE  6  PFT  6 FRAC     0.25
  2242     3.791      0.736      0.390      0.145      0.693      6.402      7.830    858.412   1296.175     40.005     40.005    818.407    437.763    511.696    306.711  TILE  6  PFT  6 FRAC     0.25
  2243     4.466      0.305      0.138      0.060      0.934      7.224      8.463    762.632   1146.455   -152.757   -152.757    915.389    383.823    686.788    228.601  TILE  6  PFT  6 FRAC     0.25
  2244     4.475      0.043      0.012      0.007      1.446      7.356      8.846   1058.494   1728.354    191.323    191.323    867.171    669.860    603.392    263.779  TILE  6  PFT  6 FRAC     0.25
  2245     3.278      0.593      0.300      0.120      0.805      6.447      7.845    713.812   1063.522   -228.924   -228.924    942.736    349.709    589.978    352.758  TILE  6  PFT  6 FRAC     0.25
  2246     4.456      0.169      0.067      0.032      1.189      7.493      8.852    971.058   1617.757     17.591     17.591    953.467    646.699    730.362    223.105  TILE  6  PFT  6 FRAC     0.25
  2247     4.451      0.006      0.001      0.001      1.662      7.407      9.075   1070.533   1691.037    222.871    222.871    847.661    620.505    575.961    271.701  TILE  6  PFT  6 FRAC     0.25
  2248     3.191      0.572      0.292      0.112      0.831      7.326      8.729    698.747   1000.766   -338.848   -338.848   1037.595    302.019    707.760    329.835  TILE  6  PFT  6 FRAC     0.25
  2249     4.429      0.203      0.084      0.039      1.168      8.174      9.544   1011.355   1660.467    -30.138    -30.138   1041.493    649.111    774.630    266.864  TILE  6  PFT  6 FRAC     0.25
  2250     4.441      0.007      0.001      0.001      1.610      7.790      9.407   1042.264   1666.997    135.794    135.794    906.469    624.733    597.537    308.933  TILE  6  PFT  6 FRAC     0.25
  2251     3.252      0.591      0.304      0.115      0.811      6.963      8.365    714.243   1009.461   -372.366   -372.366   1086.609    295.218    690.579    396.030  TILE  6  PFT  6 FRAC     0.25
  2252     4.490      0.196      0.081      0.037      1.144      7.933      9.273   1004.944   1654.784    -36.328    -36.328   1041.273    649.840    783.067    258.206  TILE  6  PFT  6 FRAC     0.25
  2253     4.474      0.016      0.003      0.002      1.617      7.746      9.380   1073.628   1689.236    189.482    189.482    884.146    615.608    593.652    290.495  TILE  6  PFT  6 FRAC     0.25
  2254     3.286      0.600      0.307      0.120      0.814      6.935      8.350    730.476   1043.041   -342.954   -342.954   1073.431    312.564    686.162    387.268  TILE  6  PFT  6 FRAC     0.25
  2255     4.438      0.180      0.073      0.034      1.141      7.844      9.166    959.428   1598.272    -53.022    -53.022   1012.451    638.844    760.989    251.461  TILE  6  PFT  6 FRAC     0.25
  2256     4.439      0.025      0.006      0.004      1.562      7.650      9.237   1079.936   1700.685    168.392    168.392    911.545    620.749    611.107    300.437  TILE  6  PFT  6 FRAC     0.25
  2257     3.478      0.648      0.339      0.126      0.789      6.881      8.317    774.116   1136.373   -293.641   -293.641   1067.757    362.256    682.568    385.189  TILE  6  PFT  6 FRAC     0.25
  2258     4.444      0.299      0.134      0.059      1.133      7.916      9.348   1050.420   1704.707     14.947     14.947   1035.473    654.288    781.713    253.760  TILE  6  PFT  6 FRAC     0.25
  2259     4.482      0.019      0.005      0.003      1.535      7.982      9.536   1032.384   1665.279     78.044     78.044    954.340    632.895    664.462    289.878  TILE  6  PFT  6 FRAC     0.25
  2260     3.173      0.572      0.287      0.119      0.786      6.948      8.306    702.424   1016.458   -335.609   -335.609   1038.032    314.035    647.930    390.103  TILE  6  PFT  6 FRAC     0.25
  2261     4.443      0.212      0.088      0.041      1.165      7.850      9.227   1031.953   1679.611     53.639     53.639    978.314    647.658    736.919    241.395  TILE  6  PFT  6 FRAC     0.25
  2262     4.478      0.015      0.003      0.002      1.682      7.726      9.422   1073.695   1729.986    251.149    251.149    822.545    656.291    558.841    263.705  TILE  6  PFT  6 FRAC     0.25
  2263     3.260      0.595      0.306      0.117      0.838      7.423      8.856    718.526   1020.127   -340.649   -340.649   1059.175    301.601    707.830    351.345  TILE  6  PFT  6 FRAC     0.25
  2264     4.436      0.120      0.043      0.023      1.265      8.112      9.497    902.039   1525.220    -17.475    -17.475    919.514    623.180    683.526    235.989  TILE  6  PFT  6 FRAC     0.25
  2265     4.451      0.309      0.182      0.069      1.462      7.863      9.634   1133.455   1745.583    300.863    300.863    832.592    612.128    557.024    275.568  TILE  6  PFT  6 FRAC     0.25
  2266     2.718      0.459      0.223      0.092      0.895      8.204      9.558    591.083    855.166   -419.279   -419.279   1010.362    264.083    719.455    290.907  TILE  6  PFT  6 FRAC     0.25
  2267     4.444      0.041      0.016      0.007      1.310      8.126      9.476    936.895   1540.002    -44.068    -44.068    980.963    603.107    675.900    305.063  TILE  6  PFT  6 FRAC     0.25
  2268     3.410      0.630      0.327      0.124      0.708      6.826      8.164    749.730   1095.519   -188.508   -188.508    938.238    345.789    558.282    379.956  TILE  6  PFT  6 FRAC     0.25
  2269     4.445      0.172      0.069      0.033      1.121      7.530      8.823    926.051   1550.251    -16.354    -16.354    942.405    624.200    699.095    243.310  TILE  6  PFT  6 FRAC     0.25
  2270     4.464      0.005      0.001      0.001      1.616      7.347      8.968   1068.896   1679.366    235.760    235.760    833.136    610.470    558.125    275.011  TILE  6  PFT  6 FRAC     0.25
  2271     3.080      0.546      0.275      0.109      0.805      6.707      8.058    672.856    962.784   -380.367   -380.367   1053.223    289.928    683.352    369.871  TILE  6  PFT  6 FRAC     0.25
  2272     4.469      0.088      0.031      0.015      1.270      7.363      8.721    948.856   1603.713      8.896      8.896    939.960    654.857    693.434    246.526  TILE  6  PFT  6 FRAC     0.25
  2273     3.854      0.750      0.397      0.149      0.741      6.804      8.295    871.025   1329.857     21.055     21.055    849.970    458.832    547.527    302.443  TILE  6  PFT  6 FRAC     0.25
  2274     4.465      0.354      0.165      0.069      0.929      7.484      8.768    793.672   1188.321   -186.649   -186.649    980.321    394.649    722.695    257.626  TILE  6  PFT  6 FRAC     0.25
  2275     4.403      0.065      0.021      0.010      1.274      7.814      9.152   1026.231   1671.457     11.401     11.401   1014.830    645.226    720.291    294.539  TILE  6  PFT  6 FRAC     0.25
  2276     3.682      0.707      0.376      0.137      0.701      6.769      8.177    809.130   1210.843   -133.187   -133.187    942.317    401.714    573.514    368.803  TILE  6  PFT  6 FRAC     0.25
  2277     4.467      0.425      0.206      0.083      0.931      7.587      8.943    914.954   1310.196    -77.780    -77.780    992.734    395.242    734.774    257.959  TILE  6  PFT  6 FRAC     0.25
  2278     4.421      0.044      0.012      0.007      1.434      7.489      8.967    955.438   1558.313     68.730     68.730    886.708    602.875    609.275    277.433  TILE  6  PFT  6 FRAC     0.25
  2279     3.824      0.745      0.397      0.146      0.765      7.139      8.649    892.966   1341.255    -70.626    -70.626    963.591    448.290    638.110    325.481  TILE  6  PFT  6 FRAC     0.25
  2280     4.446      0.263      0.112      0.054      0.984      7.653      8.901    681.740   1008.691   -237.607   -237.607    919.347    326.951    673.847    245.501  TILE  6  PFT  6 FRAC     0.25
  2281     4.412      0.010      0.002      0.001      1.472      7.343      8.825   1002.934   1631.744    147.644    147.644    855.290    628.810    565.768    289.522  TILE  6  PFT  6 FRAC     0.25
  2282     3.269      0.593      0.303      0.118      0.750      6.450      7.794    728.844   1048.787   -279.516   -279.516   1008.360    319.943    632.223    376.137  TILE  6  PFT  6 FRAC     0.25
  2283     4.417      0.102      0.037      0.019      1.194      7.219      8.515    897.096   1537.335    -21.257    -21.257    918.353    640.239    685.201    233.152  TILE  6  PFT  6 FRAC     0.25
  2284     4.117      0.826      0.448      0.161      0.712      6.869      8.406    944.928   1455.177    136.127    136.127    808.801    510.249    529.479    279.322  TILE  6  PFT  6 FRAC     0.25
  2285     4.458      0.339      0.155      0.068      0.894      7.387      8.621    651.395    942.522   -295.724   -295.724    947.118    291.127    689.948    257.170  TILE  6  PFT  6 FRAC     0.25
  2286     4.399      0.029      0.011      0.005      1.339      7.594      8.962   1009.541   1642.821    103.274    103.274    906.267    633.279    640.105    266.163  TILE  6  PFT  6 FRAC     0.25
  2287     3.363      0.618      0.316      0.124      0.708      6.426      7.752    738.546   1067.490   -220.363   -220.363    958.909    328.944    580.847    378.061  TILE  6  PFT  6 FRAC     0.25
  2288     4.443      0.252      0.109      0.049      1.076      7.422      8.751   1021.756   1682.659     22.368     22.368    999.388    660.903    753.902    245.485  TILE  6  PFT  6 FRAC     0.25
  2289     4.439      0.032      0.008      0.005      1.460      7.647      9.139   1071.789   1706.858     98.733     98.733    973.056    635.068    684.168    288.888  TILE  6  PFT  6 FRAC     0.25
  2290     3.389      0.624      0.322      0.123      0.767      6.619      8.009    744.928   1091.074   -261.775   -261.775   1006.703    346.146    624.330    382.373  TILE  6  PFT  6 FRAC     0.25
  2291     4.445      0.217      0.090      0.043      1.148      7.695      9.059    992.789   1663.913     -6.493     -6.493    999.282    671.124    758.199    241.083  TILE  6  PFT  6 FRAC     0.25
  2292     4.445      0.011      0.002      0.001      1.568      7.558      9.138   1044.119   1668.655    123.862    123.862    920.257    624.536    622.765    297.492  TILE  6  PFT  6 FRAC     0.25
  2293     3.272      0.596      0.306      0.118      0.786      6.791      8.173    722.175   1027.964   -340.052   -340.052   1062.227    305.788    679.636    382.591  TILE  6  PFT  6 FRAC     0.25
  2294     4.452      0.191      0.076      0.038      1.167      7.677      9.034    984.516   1632.416      7.829      7.829    976.687    647.900    733.143    243.544  TILE  6  PFT  6 FRAC     0.25
  2295     4.479      0.004      0.001      0.000      1.608      7.513      9.125   1069.710   1693.602    179.531    179.531    890.179    623.892    602.098    288.081  TILE  6  PFT  6 FRAC     0.25
  2296     3.340      0.611      0.314      0.120      0.770      6.835      8.216    742.810   1066.696   -356.209   -356.209   1099.019    323.887    710.399    388.620  TILE  6  PFT  6 FRAC     0.25
  2297     4.459      0.431      0.208      0.085      0.986      7.738      9.155   1078.396   1606.611     46.844     46.844   1031.553    528.215    770.533    261.020  TILE  6  PFT  6 FRAC     0.25
  2298     4.453      0.090      0.032      0.016      1.267      8.328      9.685   1001.244   1629.685    -81.577    -81.577   1082.821    628.441    784.923    297.898  TILE  6  PFT  6 FRAC     0.25
  2299     3.771      0.732      0.385      0.147      0.750      7.210      8.692    847.094   1291.758    -33.019    -33.019    880.114    444.663    531.841    348.273  TILE  6  PFT  6 FRAC     0.25
  2300     4.465      0.363      0.167      0.075      0.959      7.863      9.186    846.627   1268.666   -138.492   -138.492    985.119    422.039    725.116    260.003  TILE  6  PFT  6 FRAC     0.25
